mass_A
t	x
0.0	4.065569272976688
0.016666666666666666	4.0660032738795735
0.03333333333333333	4.068254798400176
0.05	4.066179838174321
0.06666666666666667	5.934572640522674
0.08333333333333333	7.728228517800574
0.1	9.390013301339991
0.11666666666666667	10.396977880693953
0.13333333333333333	11.067287442750853
0.15	11.489193909933078
0.16666666666666666	11.266173317300343
0.18333333333333332	10.970430641949406
0.2	10.440763388121468
0.21666666666666667	9.263285134418993
0.23333333333333334	7.998972094944293
0.25	6.667145564993575
0.26666666666666666	5.4262180634484025
0.2833333333333333	3.4889240414843243
0.3	1.283332139892707
0.31666666666666665	-0.8476586437362812
0.3333333333333333	-2.897785308511345
0.35	-4.967772005997006
0.36666666666666664	-6.964093520768415
0.3833333333333333	-8.85929247610693
0.4	-10.639123343923075
0.4166666666666667	-12.267505369619755
0.43333333333333335	-13.12453272035384
0.45	-13.84908699716857
0.4666666666666667	-14.427051342382015
0.48333333333333334	-14.181109177416488
0.5	-13.868703728044977
0.5166666666666666	-13.41992460477627
0.5333333333333333	-12.292887545960923
0.55	-11.031303246459402
0.5666666666666667	-9.686126193174346
0.5833333333333334	-8.304945431386955
0.6	-6.363402553011724
0.6166666666666667	-4.256063622660179
0.6333333333333333	-2.003080282048927
0.65	0.09546226575162109
0.6666666666666666	2.1446092319077366
0.6833333333333333	4.135019956457427
0.7	5.981415209056536
0.7166666666666667	7.831616723759112
0.7333333333333333	9.54518662691288
0.75	10.41303014624981
0.7666666666666666	11.08907908063236
0.7833333333333333	11.688747172808462
0.8	12.199303584667746
0.8166666666666667	12.100778351268332
0.8333333333333334	11.807423830065545
0.85	11.376512341262696
0.8666666666666667	10.280819986911126
0.8833333333333333	8.989073016702662
0.9	7.588464176929733
0.9166666666666666	6.194340241123655
0.9333333333333333	4.232858032440049
0.95	2.0982679330195424
0.9666666666666667	-0.021937081193073027
0.9833333333333333	-2.069789573673347
1.0	-4.0921221819408515
1.0166666666666666	-5.961021129838741
1.0333333333333332	-7.697012655815342
1.05	-9.436835973813402
1.0666666666666667	-11.091191717453
1.0833333333333333	-11.987345874969265
1.1	-12.689392889260603
1.1166666666666667	-13.301584914888622
1.1333333333333333	-13.126411883428545
1.15	-12.868995864559395
1.1666666666666667	-12.442446697539253
1.1833333333333333	-11.924720889911555
1.2	-10.796534849549744
1.2166666666666666	-9.538583150976592
1.2333333333333334	-8.134160001919042
1.25	-6.111540058987089
1.2666666666666666	-4.017521704160231
1.2833333333333332	-1.9001820176616775
1.3	0.11084276617617661
1.3166666666666667	2.1268457847146465
1.3333333333333333	4.096019869620022
1.35	5.908206290470048
1.3666666666666667	7.629440141612008
1.3833333333333333	9.305663834401287
1.4	10.23592171243115
1.4166666666666667	10.99112635421693
1.4333333333333333	11.635599945661738
1.45	12.165367282639636
1.4666666666666666	12.077888787041616
1.4833333333333334	11.750122570383724
1.5	11.249425656564028
1.5166666666666666	10.106620383184463
1.5333333333333332	8.797285028320346
1.55	7.377824489439547
1.5666666666666667	5.361189527562885
1.5833333333333333	3.23566190413635
1.6	1.1147450236597365
1.6166666666666667	-0.9882464348439157
1.6333333333333333	-2.9295247015949144
1.65	-4.889135930485168
1.6666666666666667	-6.7948599828715714
1.6833333333333333	-8.518373165035086
1.7	-10.2032565364417
1.7166666666666666	-11.236108567698011
1.7333333333333334	-11.92558375843521
1.75	-12.580329808562396
1.7666666666666666	-13.200689756591487
1.7833333333333332	-13.013815446173567
1.8	-12.693049244491931
1.8166666666666667	-12.277082393244768
1.8333333333333333	-11.056945979542661
1.8499999999999999	-9.728937603281793
1.8666666666666667	-8.424041936943354
1.8833333333333333	-6.313917445790651
1.9	-4.191586173554697
1.9166666666666667	-2.1396710338102025
1.9333333333333333	0.013074617263100663
1.95	2.0372148854434045
1.9666666666666666	3.9462493836581416
1.9833333333333334	5.899585421435461
2.0	7.729750151505073
2.0166666666666666	9.431764306852756
2.033333333333333	10.508250480544007
2.05	11.255824534839007
2.0666666666666664	11.892593323202675
2.0833333333333335	12.490383312634322
2.1	12.312177964505167
2.1166666666666667	11.950225214748457
2.1333333333333333	11.529350713391523
2.15	10.377989153209342
2.1666666666666665	8.990441132884825
2.183333333333333	7.718817532402795
2.2	6.356374416956953
2.216666666666667	4.312861323197467
2.2333333333333334	2.263640402719318
2.25	0.15338611446600225
2.2666666666666666	-1.9364386104793994
2.283333333333333	-3.8719792935792725
2.3	-5.770454333156636
2.3166666666666664	-7.68933620737738
2.3333333333333335	-9.347201040724258
2.35	-10.366569788985316
2.3666666666666667	-11.256460159820904
2.3833333333333333	-11.844814226356675
2.4	-12.442263220933796
2.4166666666666665	-13.080547854345241
2.433333333333333	-12.887463540563772
2.45	-12.427307307027775
2.466666666666667	-11.362317754946787
2.4833333333333334	-9.979825630720939
2.5	-8.623291502665438
2.5166666666666666	-7.370722943073531
2.533333333333333	-5.34730576615425
2.55	-3.2252196687046535
2.5666666666666664	-1.1907637204524235
2.5833333333333335	0.9694866984603436
2.6	3.003535718876833
2.6166666666666667	4.885740084908207
2.6333333333333333	6.882368759970859
2.65	8.724413414542198
2.6666666666666665	10.33729021874285
2.683333333333333	11.388360870978204
2.7	12.112231950932426
2.716666666666667	12.652850033425352
2.7333333333333334	13.24855436456778
2.75	13.102237899555462
2.7666666666666666	12.698673002873761
2.783333333333333	12.334746122648312
2.8	11.208416934967602
2.8166666666666664	9.85159192093738
2.8333333333333335	8.562665329055335
2.85	6.565052034130872
2.8666666666666667	4.346649339356588
2.8833333333333333	2.2533683171009216
2.9	0.17561956840739867
2.9166666666666665	-1.968328834246563
2.933333333333333	-3.8909275293554515
2.95	-5.763883759983742
2.966666666666667	-7.668897230097173
2.9833333333333334	-9.31876695229073
3.0	-10.25656594468171
3.0166666666666666	-11.114651588330617
3.033333333333333	-11.72289145811385
3.05	-12.198731257559075
3.0666666666666664	-12.183002383482062
3.0833333333333335	-11.795128079305812
3.1	-11.3071413397181
3.1166666666666667	-10.288525848576228
3.1333333333333333	-8.971925924322136
3.15	-7.571134413016011
3.1666666666666665	-6.362689331878528
3.183333333333333	-4.314484906936457
3.2	-2.175048961987727
3.216666666666667	-0.15765575583071723
3.2333333333333334	1.9940211387813065
3.25	4.023835595411811
3.2666666666666666	5.841328975594365
3.283333333333333	7.779627108411091
3.3	9.562455845222644
3.3166666666666664	10.463648055065619
3.3333333333333335	11.284243440252169
3.35	11.990971593155678
3.3666666666666667	12.480038014405295
3.3833333333333333	12.382418751941259
3.4	12.124923023176848
3.4166666666666665	11.630366636077724
3.433333333333333	11.22211562029105
3.4499999999999997	10.126704414861138
3.466666666666667	8.808687788142834
3.4833333333333334	7.510845406197461
3.5	5.553013978637182
3.5166666666666666	3.287426741754757
3.533333333333333	1.1940419429071767
3.55	-0.8579207333297063
3.5666666666666664	-2.9680030771241945
3.5833333333333335	-4.839145135209094
3.6	-6.658169984219626
3.6166666666666667	-8.54196819401983
3.6333333333333333	-10.104325109566275
3.65	-11.038486542709165
3.6666666666666665	-11.903146762920471
3.683333333333333	-12.499010974317628
3.6999999999999997	-13.029891213373503
3.716666666666667	-12.994593297322467
3.7333333333333334	-12.684704539167797
3.75	-12.097181240609189
3.7666666666666666	-11.083801578504108
3.783333333333333	-9.789966900994386
3.8	-8.367791801987778
3.8166666666666664	-6.502260564104745
3.8333333333333335	-4.9943887219876615
3.85	-2.985607903171399
3.8666666666666667	-1.0202502082258889
3.8833333333333333	1.0471223849863236
3.9	3.046208419130096
3.9166666666666665	4.855424199828917
3.933333333333333	6.699672441532641
3.9499999999999997	8.48149581665956
3.966666666666667	9.368414346045881
3.9833333333333334	10.178316639164677
4.0	10.883252327654304
4.016666666666667	11.380730425768434
4.033333333333333	11.270895036908598
4.05	11.040371852582666
4.066666666666666	10.53922798563616
4.083333333333333	9.454347177427792
4.1	8.132042375994502
4.116666666666666	6.713210408950658
4.133333333333333	5.440805659288571
4.15	3.4812336417232927
4.166666666666667	1.2739392073136742
4.183333333333334	-0.7942726900708408
4.2	-2.7882305479306524
4.216666666666667	-4.840563786325902
4.233333333333333	-6.68589903404802
4.25	-8.49159254489291
4.266666666666667	-10.343507097295344
4.283333333333333	-11.267743288208976
4.3	-12.004098406891785
4.316666666666666	-12.773677053436813
4.333333333333333	-13.346788838256998
4.35	-13.145597498324491
4.366666666666666	-12.911525035306
4.383333333333333	-12.57117327629851
4.4	-11.964386174889512
4.416666666666667	-10.955796901815802
4.433333333333334	-9.697100870232589
4.45	-8.2516137460413
4.466666666666667	-6.422391494798603
4.483333333333333	-4.221594407724751
4.5	-2.040553835478022
4.516666666666667	-0.02805795546697709
4.533333333333333	2.003276887361551
4.55	3.950659164121589
4.566666666666666	5.758912362572005
4.583333333333333	7.59975295667391
4.6	9.330075792454068
4.616666666666666	10.207134743183701
4.633333333333333	11.025732688412631
4.65	11.702646968745967
4.666666666666667	12.231000554489924
4.683333333333334	12.128210303034393
4.7	11.85369065385828
4.716666666666667	11.319922050677746
4.733333333333333	10.234089886886522
4.75	8.964666239419216
4.766666666666667	7.5341953401012915
4.783333333333333	5.488124920171231
4.8	3.3535702578115547
4.816666666666666	1.1766597355958766
4.833333333333333	-0.8342132257120056
4.85	-2.8037985055075865
4.866666666666666	-4.7816168993726365
4.883333333333333	-6.6446641013604335
4.9	-8.372304348816101
4.916666666666667	-9.559120222964452
4.933333333333334	-11.037290163676744
4.95	-11.935119388651572
4.966666666666667	-12.704319581250502
4.983333333333333	-13.27369268668616
5.0	-13.07244309661803
5.016666666666667	-12.776727513863875
5.033333333333333	-12.278368919653303
5.05	-11.0641970607752
5.066666666666666	-9.875972729895238
5.083333333333333	-8.57381548104047
5.1	-7.222787830780305
5.116666666666666	-5.296724560206826
5.133333333333333	-3.236466576564453
5.15	-1.0865955396606637
5.166666666666667	0.8838394554243791
5.183333333333334	2.9329325285123105
5.2	4.897984094715753
5.216666666666667	6.707780238109308
5.233333333333333	8.449520482663672
5.25	9.518333273507437
5.266666666666667	10.231318911718233
5.283333333333333	10.95577105345825
5.3	11.564231341865593
5.316666666666666	11.34912038098554
5.333333333333333	11.10269513822766
5.35	10.66188114575641
5.366666666666666	10.17063741899409
5.383333333333333	9.086458144915298
5.4	7.817095177001875
5.416666666666667	6.450794386615371
5.433333333333334	4.510385142530367
5.45	2.389609926979574
5.466666666666667	0.22514914428410293
5.483333333333333	-1.808888004190294
5.5	-3.7322170390476117
5.516666666666667	-5.74419912650103
5.533333333333333	-7.599136628523638
5.55	-9.325564085228393
5.566666666666666	-10.457554115639368
5.583333333333333	-11.896244646858236
5.6	-12.789011803698486
5.616666666666666	-13.474462505281679
5.633333333333333	-14.003915325667492
5.65	-13.837310863323864
5.666666666666667	-13.54007729026955
5.683333333333334	-13.071272318782121
5.7	-11.915179830956731
5.716666666666667	-10.7575900070604
5.733333333333333	-9.409355444838354
5.75	-7.417786069380497
5.766666666666667	-5.296638399342783
5.783333333333333	-3.205666658476275
5.8	-1.0523467217948337
5.816666666666666	0.9574979887727295
5.833333333333333	2.953805466687072
5.85	4.869346300673328
5.866666666666666	6.589895398628869
5.883333333333333	8.352461544905168
5.9	9.38462825969009
5.916666666666667	10.0879256291621
5.933333333333334	10.745627316064258
5.95	11.349551376373086
5.966666666666667	11.165876272012724
5.983333333333333	10.913473984425366
6.0	10.503167415097778
6.016666666666667	9.34253836753112
6.033333333333333	8.098096648959825
6.05	6.779487454421883
6.066666666666666	5.380096008552073
6.083333333333333	3.4184274926013813
6.1	1.3496375023248675
6.116666666666666	-0.7690225546391503
6.133333333333333	-2.7510460565629273
6.15	-4.725288115726016
6.166666666666667	-6.686427312916976
6.183333333333334	-8.54376838797134
6.2	-10.21229122368726
6.216666666666667	-11.235375436757579
6.233333333333333	-12.042729765746685
6.25	-12.671357146640162
6.266666666666667	-13.25654825731226
6.283333333333333	-13.157029723732933
6.3	-12.790962174734545
6.316666666666666	-12.453349975379979
6.333333333333333	-12.001228149100598
6.35	-10.907471425971153
6.366666666666666	-9.700852961316286
6.383333333333333	-8.410390308342471
6.4	-6.358911163619155
6.416666666666667	-4.2665984662248775
6.433333333333334	-2.096393388643378
6.45	-0.02629773816255465
6.466666666666667	1.9112450534835261
6.483333333333333	3.805890041303087
6.5	5.721819026811772
6.516666666666667	7.434408805741555
6.533333333333333	8.453913338806046
6.55	9.263992654047343
6.566666666666666	9.956760571757513
6.583333333333333	10.609165954632772
6.6	11.239083789327992
6.616666666666666	11.069869976549967
6.633333333333333	10.78672222464013
6.6499999999999995	10.312970678413762
6.666666666666667	9.208463251543094
6.683333333333334	7.904184383201141
6.7	6.607648103049314
6.716666666666667	5.230051512589284
6.733333333333333	3.315254841360911
6.75	1.2794880627367888
6.766666666666667	-0.7679808104055041
6.783333333333333	-2.7785206669501576
6.8	-4.715710734688855
6.816666666666666	-6.632562403668771
6.833333333333333	-8.435543499650578
6.85	-10.119449735648573
6.866666666666666	-11.154580861374257
6.883333333333333	-11.944404538675997
6.8999999999999995	-12.54697837548514
6.916666666666667	-13.09983023880693
6.933333333333334	-13.015409834454942
6.95	-12.687415939115908
6.966666666666667	-12.270471654851178
6.983333333333333	-11.19396109102945
7.0	-9.919941317755558
7.016666666666667	-8.668296791604917
7.033333333333333	-7.332112466477554
7.05	-5.3049683442441165
7.066666666666666	-3.2402480924004067
7.083333333333333	-1.1164044323175517
7.1	0.9317866890811501
7.116666666666666	2.8474577675059436
7.133333333333333	4.741110844185698
7.1499999999999995	6.586531130519745
7.166666666666667	8.275506841661127
7.183333333333334	9.285458598639309
7.2	10.115156627388217
7.216666666666667	10.78876053212474
7.233333333333333	11.401870848586611
7.25	11.346883943704825
7.266666666666667	11.052129596521922
7.283333333333333	10.595711384541517
7.3	10.205266543663924
7.316666666666666	9.062292813031775
7.333333333333333	7.757641096335647
7.35	6.424804703453162
7.366666666666666	4.44067478256602
7.383333333333333	2.366054874426368
7.3999999999999995	0.33012046356134306
7.416666666666667	-1.7242800300591625
7.433333333333334	-3.690175110614746
7.45	-5.612309037301884
7.466666666666667	-7.4995975029323745
7.483333333333333	-9.326592929780077
7.5	-10.300232820966244
7.516666666666667	-11.150074468497678
7.533333333333333	-11.855237363448623
7.55	-12.420878999241438
7.566666666666666	-12.278913044875878
7.583333333333333	-11.976687540442072
7.6	-11.535214537612433
7.616666666666666	-11.160175990886728
7.633333333333333	-10.12088107524471
7.6499999999999995	-8.857129823860873
7.666666666666667	-7.57584088429644
7.683333333333334	-6.271628504398109
7.7	-4.292393854574243
7.716666666666667	-2.2395170138841536
7.733333333333333	-0.18633352135225323
7.75	1.892169106877418
7.766666666666667	3.784057607860632
7.783333333333333	5.72675963329209
7.8	7.479395849744037
7.816666666666666	8.431556831191642
7.833333333333333	9.25832052735882
7.85	10.04198707876651
7.866666666666666	10.665096105333589
7.883333333333333	11.280744906897326
7.8999999999999995	11.21928026533999
7.916666666666667	10.890032384717642
7.933333333333334	10.445004723171223
7.95	9.350929276397324
7.966666666666667	8.031479993220671
7.983333333333333	6.703274009748952
8.0	5.394542474916989
8.016666666666666	3.4355009099425615
8.033333333333333	1.3834892025528234
8.05	-0.6213103897503629
8.066666666666666	-2.632623025038697
8.083333333333334	-4.6256447943935655
8.1	-6.504062718612829
8.116666666666667	-8.4121724817918
8.133333333333333	-9.552605962738596
8.15	-11.00906913923211
8.166666666666666	-11.885195476156639
8.183333333333334	-12.619779361241967
8.2	-13.130592869146199
8.216666666666667	-13.012443754097035
8.233333333333333	-12.789172721540467
8.25	-12.332091270540445
8.266666666666666	-11.272680708363737
8.283333333333333	-10.077918108812469
8.3	-8.75287885393766
8.316666666666666	-7.465979482495584
8.333333333333334	-6.186711728061653
8.35	-4.209725165601412
8.366666666666667	-2.156748774534549
8.383333333333333	-0.14542925492457925
8.4	1.897699145163756
8.416666666666666	3.7771024358295335
8.433333333333334	5.579663216257757
8.45	7.371141738479082
8.466666666666667	8.38065544553217
8.483333333333333	9.171884577850392
8.5	9.927194325456071
8.516666666666666	10.487745516919745
8.533333333333333	10.432728020266609
8.55	10.188953173704363
8.566666666666666	9.832898025642521
8.583333333333334	9.307864034342174
8.6	8.25209222652893
8.616666666666667	7.005108354303957
8.633333333333333	5.648535887117646
8.65	4.400212839048322
8.666666666666666	2.4708128416002637
8.683333333333334	0.3888516924042733
8.7	-1.6254107015516297
8.716666666666667	-3.6158681290992263
8.733333333333333	-5.618570300856959
8.75	-7.450577342189831
8.766666666666666	-9.220461467474706
8.783333333333333	-10.310789896808615
8.8	-11.073830098712733
8.816666666666666	-11.811223826258583
8.833333333333334	-12.477857412059677
8.85	-13.02747857495865
8.866666666666667	-12.918014377597046
8.883333333333333	-12.676506310032778
8.9	-12.223001038868972
8.916666666666666	-11.127347413830933
8.933333333333334	-9.934892931246509
8.95	-8.593431137981042
8.966666666666667	-7.290172130559085
8.983333333333333	-5.376337352539963
9.0	-3.239395886602665
9.016666666666666	-1.196087950888682
9.033333333333333	0.7772927747706149
9.05	2.7766520314892773
9.066666666666666	4.666728355730584
9.083333333333334	6.44212568778164
9.1	7.58089443919647
9.116666666666667	9.104307023953197
9.133333333333333	9.97667320483913
9.15	10.743257485343065
9.166666666666666	11.383292366141575
9.183333333333334	11.23544791189181
9.2	10.99750850617147
9.216666666666667	10.5831281273297
9.233333333333333	10.14436738714545
9.25	9.110874958587601
9.266666666666666	7.851673636826263
9.283333333333333	6.520525132473892
9.3	4.606114264254188
9.316666666666666	3.1894840625103598
9.333333333333334	1.2635340863253077
9.35	-0.7073930683350227
9.366666666666667	-2.673429372541932
9.383333333333333	-4.629872286099953
9.4	-6.435769485554431
9.416666666666666	-8.169926086661349
9.433333333333334	-9.240184637022594
9.45	-10.031910791254631
9.466666666666667	-10.73242632983954
9.483333333333333	-11.390199647152258
9.5	-11.212500098044984
9.516666666666666	-10.972721239401494
9.533333333333333	-10.68994023245557
9.55	-10.1754410552237
9.566666666666666	-9.058025902887437
9.583333333333334	-7.89602072461679
9.6	-6.546361950790015
9.616666666666667	-5.2599865037140034
9.633333333333333	-3.4574556900889775
9.65	-2.0504145281570345
9.666666666666666	-0.14429069492109647
9.683333333333334	1.7460242198502556
9.7	3.70819544943663
9.716666666666667	5.608668263205573
9.733333333333333	7.362446856311749
9.75	8.484155679696642
9.766666666666666	9.240888790478834
9.783333333333333	9.94696376873344
9.8	10.61198625406405
9.816666666666666	11.208980623798368
9.833333333333334	11.083564171854903
9.85	10.833954775681832
9.866666666666667	10.458374526631701
9.883333333333333	9.356093952651861
9.9	8.149162707173787
9.916666666666666	6.847945759601998
9.933333333333334	5.4386231517061105
9.95	3.575635024483006
9.966666666666667	2.181428891298083
9.983333333333333	0.24082526707775287
10.0	-1.6810499659304696
10.016666666666666	-3.6155110679782183
10.033333333333333	-5.516905814210759
10.05	-7.261842806527056
10.066666666666666	-8.313565267208332
10.083333333333334	-9.222907808710204
10.1	-9.94503319071913
10.116666666666667	-10.600155697874925
10.133333333333333	-11.257522264886177
10.15	-11.103416866668852
10.166666666666666	-10.854824011325832
10.183333333333334	-10.474738460875301
10.2	-10.040843036501599
10.216666666666667	-8.935966168792788
10.233333333333333	-7.7671939604877025
10.25	-6.464034469455896
10.266666666666666	-5.180539842880535
10.283333333333333	-3.3572164580224353
10.3	-1.30019364450186
10.316666666666666	0.7130298348075144
10.333333333333334	2.6752020700312187
10.35	4.677614013755431
10.366666666666667	6.536129341050014
10.383333333333333	7.571809206493413
10.4	9.135590327196212
10.416666666666666	10.073305105106328
10.433333333333334	10.798642419743146
10.45	11.446343903471018
10.466666666666667	11.389991997081893
10.483333333333333	11.042667529493372
10.5	10.757904992528267
10.516666666666666	10.340097270221122
10.533333333333333	9.185179329287394
10.55	8.014331772924777
10.566666666666666	6.72398168637676
10.583333333333334	5.325862905624604
10.6	3.46970336599378
10.616666666666667	1.4496192326158166
10.633333333333333	-0.6847694571069951
10.65	-2.6065732385646925
10.666666666666666	-4.471350118477517
10.683333333333334	-6.392563572626216
10.7	-7.482542837599112
10.716666666666667	-8.988434209542561
10.733333333333333	-10.03508113843111
10.75	-10.736093285619575
10.766666666666666	-11.383565665947344
10.783333333333333	-11.399733135348015
10.8	-11.057461539324947
10.816666666666666	-10.696234012906416
10.833333333333334	-10.3068246891944
10.85	-9.18654544205856
10.866666666666667	-7.879565916498109
10.883333333333333	-6.702110862073596
10.9	-5.391260411654912
10.916666666666666	-3.4931701591091837
10.933333333333334	-2.1979895709937978
10.95	-0.2733008151920444
10.966666666666667	1.7518745693289475
10.983333333333333	3.603673964258178
11.0	5.575620450264921
11.016666666666666	7.400741676993562
11.033333333333333	8.423435801881055
11.05	9.2718400557402
11.066666666666666	10.076170740443558
11.083333333333334	10.658371719012564
11.1	11.282327669663914
11.116666666666667	11.205823040546477
11.133333333333333	10.898608383166561
11.15	10.577301892620198
11.166666666666666	10.191285790032907
11.183333333333334	9.093952330863203
11.2	7.884050661704521
11.216666666666667	6.6441526126426425
11.233333333333333	5.326170737851612
11.25	3.47457781260988
11.266666666666666	1.464655466334193
11.283333333333333	-0.659139553199509
11.3	-2.5903608550356125
11.316666666666666	-4.438267692263537
11.333333333333334	-6.400013169921351
11.35	-7.403748968748118
11.366666666666667	-8.209512705409793
11.383333333333333	-9.027094416766374
11.4	-9.678804590504342
11.416666666666666	-10.24185454720697
11.433333333333334	-10.26371994027022
11.45	-9.987137547274642
11.466666666666667	-9.509632235194829
11.483333333333333	-9.238862193065529
11.5	-8.173032266097835
11.516666666666666	-6.882759802174974
11.533333333333333	-5.729281091148039
11.55	-4.387695028154667
11.566666666666666	-2.4661068258025693
11.583333333333334	-1.1579522671783025
11.6	0.7267594264956756
11.616666666666667	2.710365016926744
11.633333333333333	4.536323336555313
11.65	5.746187323433787
11.666666666666666	7.402817264932935
11.683333333333334	8.332245925425468
11.7	9.160132745003864
11.716666666666667	9.907743256178208
11.733333333333333	10.485346728091145
11.75	10.44184329749254
11.766666666666666	10.239209101080178
11.783333333333333	9.86209260582035
11.8	9.50386081742414
11.816666666666666	8.421823034585941
11.833333333333334	7.1103632616154755
11.85	5.867240709837404
11.866666666666667	4.631601828246744
11.883333333333333	3.301680809952245
11.9	1.5026025169659647
11.916666666666666	-0.5096063540904083
11.933333333333334	-2.575948035017973
11.95	-4.460885976665622
11.966666666666667	-6.297919858198327
11.983333333333333	-7.515360221510377
12.0	-8.997937248146059
12.016666666666666	-9.953895667535846
12.033333333333333	-10.81300506433405
12.05	-11.482035305548038
12.066666666666666	-12.028608204398836
12.083333333333334	-12.074319371556157
12.1	-11.790075079440612
12.116666666666667	-11.34810049135399
12.133333333333333	-10.347649339527436
12.15	-9.075802457073905
12.166666666666666	-7.752140456826851
12.183333333333334	-6.5308803831654245
12.2	-5.224725732476941
12.216666666666667	-3.3173715969037403
12.233333333333333	-1.362025881986881
12.25	0.6355414094561525
12.266666666666666	2.6360234538275336
12.283333333333333	4.453889080724821
12.3	5.662211175300058
12.316666666666666	7.320246327532345
12.333333333333334	8.23027463724975
12.35	9.07004552302692
12.366666666666667	9.87466645674101
12.383333333333333	10.42240867994775
12.4	10.38009799471979
12.416666666666666	10.095230936106532
12.433333333333334	9.671182490577394
12.45	9.274361089784065
12.466666666666667	8.250298240969528
12.483333333333333	6.988182021181899
12.5	5.76939272641755
12.516666666666666	4.523450684786781
12.533333333333333	2.6042886573177384
12.55	1.3076691603138784
12.566666666666666	-0.5454360373776126
12.583333333333334	-2.548326935702903
12.6	-4.471344494296659
12.616666666666667	-6.289668815272194
12.633333333333333	-7.501375813945515
12.65	-9.009434268797236
12.666666666666666	-9.874073734163176
12.683333333333334	-10.704521547503873
12.7	-11.293740085018044
12.716666666666667	-11.186765713955651
12.733333333333333	-11.00618205198299
12.75	-10.664788893553123
12.766666666666666	-10.232725244540688
12.783333333333333	-9.26693676863431
12.8	-8.033852194103474
12.816666666666666	-6.71447093341385
12.833333333333334	-5.504031925542336
12.85	-4.221573793650862
12.866666666666667	-2.283774756290029
12.883333333333333	-0.39430765851750493
12.9	1.5727863440479268
12.916666666666666	3.60107072192568
12.933333333333334	5.371132368752683
12.95	6.509089420226019
12.966666666666667	7.470020571255759
12.983333333333333	8.21415754212751
13.0	8.975572757054465
13.016666666666666	9.747160438097637
13.033333333333333	10.273485553657792
13.049999999999999	10.179450991616818
13.066666666666666	9.97851265341626
13.083333333333334	9.502745730070558
13.1	8.436358081920105
13.116666666666667	7.226920111352172
13.133333333333333	5.941787164916491
13.15	4.7316385680782105
13.166666666666666	3.482078692186235
13.183333333333334	1.570860890723452
13.2	0.2598909425320812
13.216666666666667	-1.5239448268030742
13.233333333333333	-3.5376185493461207
13.25	-5.4140826806886935
13.266666666666666	-6.544334079348687
13.283333333333333	-8.118773609921618
13.299999999999999	-9.058713569634847
13.316666666666666	-9.78946960457904
13.333333333333334	-10.54317554676993
13.35	-11.178101412655565
13.366666666666667	-11.05143709999436
13.383333333333333	-10.921549627039212
13.4	-10.595735096380622
13.416666666666666	-10.139572880235733
13.433333333333334	-9.133590602181584
13.45	-7.880588932602507
13.466666666666667	-6.590188274626485
13.483333333333333	-5.348357725189999
13.5	-3.491167510639002
13.516666666666666	-2.0927993803363734
13.533333333333333	-0.34337256715826925
13.549999999999999	1.6001350920928417
13.566666666666666	3.465396557512463
13.583333333333334	4.6434671619950905
13.6	6.289190908221599
13.616666666666667	7.3540051754341675
13.633333333333333	8.12058429428555
13.65	8.845748727542173
13.666666666666666	9.511015928652057
13.683333333333334	9.411461836929448
13.7	9.156695221740051
13.716666666666667	8.846907018509455
13.733333333333333	8.347466930581675
13.75	7.3744165451599315
13.766666666666666	6.171615586758946
13.783333333333333	4.882140372802041
13.799999999999999	3.6858321462673302
13.816666666666666	2.4582082625200883
13.833333333333334	0.5807626375238897
13.85	-0.7749526811140868
13.866666666666667	-2.5243118735385224
13.883333333333333	-4.512741475185635
13.9	-6.337572960895045
13.916666666666666	-7.385807037455834
13.933333333333334	-8.26253481971304
13.95	-9.013183849249003
13.966666666666667	-9.688805083126681
13.983333333333333	-10.378157649432524
14.0	-10.346779242031062
14.016666666666666	-10.082645035143514
14.033333333333333	-9.902648140562917
14.049999999999999	-9.522908691912335
14.066666666666666	-9.081772913551276
14.083333333333334	-8.032586532899813
14.1	-6.808228689191253
14.116666666666667	-5.518805384169809
14.133333333333333	-4.301031080881216
14.15	-2.4024652154563455
14.166666666666666	-0.424935356474748
14.183333333333334	1.4904521610238817
14.2	2.7363686898004858
14.216666666666667	4.461973962806383
14.233333333333333	5.510240498520375
14.25	6.455947611329407
14.266666666666666	7.293102120387346
14.283333333333333	8.035212816273656
14.299999999999999	8.790110954685133
14.316666666666666	9.432825063668702
14.333333333333334	9.320194239317914
14.35	9.028225952233583
14.366666666666667	8.693004545591009
14.383333333333333	8.225893253001004
14.4	7.178712483542199
14.416666666666666	6.038688952770542
14.433333333333334	4.8085303945471765
14.45	3.5428415554479216
14.466666666666667	1.7765475012461138
14.483333333333333	0.324896594287452
14.5	-1.520061637562435
14.516666666666666	-3.388376930463778
14.533333333333333	-4.681055827900195
14.549999999999999	-6.366509343344433
14.566666666666666	-7.35447318857257
14.583333333333334	-8.213803693128966
14.6	-8.961137555691039
14.616666666666667	-9.616667018258795
14.633333333333333	-10.250273893262317
14.65	-10.280217831513937
14.666666666666666	-9.981212068301318
14.683333333333334	-9.744102160086697
14.7	-9.276640898637083
14.716666666666667	-8.17966956334567
14.733333333333333	-7.019361880088127
14.75	-5.790734985687607
14.766666666666666	-4.496188072501695
14.783333333333333	-3.3576862163021133
14.799999999999999	-1.4732791539829009
14.816666666666666	-0.16876712233533908
14.833333333333334	1.529754253007411
14.85	2.761160897160778
14.866666666666667	4.488387436583253
14.883333333333333	5.459871743607721
14.9	6.4359828804928725
14.916666666666666	7.254649140369054
14.933333333333334	7.934504520112341
14.95	8.582481339531341
14.966666666666667	9.238630230546619
14.983333333333333	9.11423027842011
15.0	8.866788523042146
15.016666666666666	8.505953935598598
15.033333333333333	7.447125394512227
15.049999999999999	6.237628150513501
15.066666666666666	5.094644054431683
15.083333333333334	3.85282271202243
15.1	2.566497655511739
15.116666666666667	1.373387009421549
15.133333333333333	-0.4898893585574342
15.15	-2.460561715752249
15.166666666666666	-4.380140769668628
15.183333333333334	-5.601434362848863
15.2	-7.24547847378426
15.216666666666667	-8.149453434031784
15.233333333333333	-8.976449668129362
15.25	-9.74758730067748
15.266666666666666	-10.362908262712665
15.283333333333333	-10.414831510954627
15.299999999999999	-10.237556122056674
15.316666666666666	-9.919168104347705
15.333333333333334	-9.648215201627295
15.35	-9.27472858364439
15.366666666666667	-8.129630156835617
15.383333333333333	-6.9368102280687935
15.4	-5.684744616751743
15.416666666666666	-4.346582255299381
15.433333333333334	-2.535582878680998
15.45	-1.1792824194249079
15.466666666666667	0.5953158407326669
15.483333333333333	2.412682258104496
15.5	3.596988265436721
15.516666666666666	5.291226388818984
15.533333333333333	6.332421079256051
15.549999999999999	7.266269244079808
15.566666666666666	8.094677289375568
15.583333333333334	8.817633146169442
15.6	9.462458435145663
15.616666666666667	9.419992413757143
15.633333333333333	9.13417787303689
15.65	8.673128734113106
15.666666666666666	8.35090738513469
15.683333333333334	7.2776571501634635
15.7	6.118027954439526
15.716666666666667	4.939244895861805
15.733333333333333	3.755509134846193
15.75	2.4545197189700048
15.766666666666666	0.7062560545163024
15.783333333333333	-0.6682187048083392
15.799999999999999	-2.5562632676633257
15.816666666666666	-4.399489933575751
15.833333333333334	-5.575488258738574
15.85	-7.168652883593381
15.866666666666667	-8.065084954460133
15.883333333333333	-8.889882342359215
15.9	-9.636615272238032
15.916666666666666	-10.24178669276904
15.933333333333334	-10.255594040852088
15.95	-10.11193035670783
15.966666666666667	-9.843047217112144
15.983333333333333	-9.507967637651973
16.0	-9.146571676444296
16.016666666666666	-8.03809001969637
16.03333333333333	-6.7709011723667345
16.05	-5.524800326842865
16.066666666666666	-4.220029383204974
16.083333333333332	-2.4521847160066272
16.1	-1.18296120445234
16.116666666666667	0.5609548725516333
16.133333333333333	1.6921393671536862
16.15	3.2584801024983676
16.166666666666668	4.429941579820934
16.183333333333334	5.346212517703748
16.2	6.229149984119772
16.216666666666665	7.142180553416779
16.233333333333334	7.865452658261347
16.25	8.501342005627748
16.266666666666666	8.362102631486948
16.28333333333333	7.999259491523105
16.3	7.576340081219598
16.316666666666666	7.194724480661478
16.333333333333332	6.15097466879655
16.35	4.975614989363635
16.366666666666667	3.8627927507599225
16.383333333333333	2.7336131974572027
16.4	1.5806699763991219
16.416666666666668	0.465088455805585
16.433333333333334	-1.3407589162604836
16.45	-2.6878081014540385
16.466666666666665	-4.446732969944264
16.483333333333334	-6.279036280767059
16.5	-7.379672690547636
16.516666666666666	-8.208169461438786
16.53333333333333	-8.898038035809464
16.55	-9.543099422289174
16.566666666666666	-10.094639831803875
16.583333333333332	-10.01610194498744
16.6	-9.89249474928772
16.616666666666667	-9.587953643626633
16.633333333333333	-9.256491562868746
16.65	-8.315073371836718
16.666666666666668	-7.091588297704902
16.683333333333334	-5.893626861590747
16.7	-4.653039395661835
16.716666666666665	-3.30830831658011
16.733333333333334	-1.4554507167897555
16.75	-0.19079505041929679
16.766666666666666	1.5589583311680144
16.78333333333333	2.704335406426594
16.8	4.26977123621316
16.816666666666666	5.39352460280179
16.833333333333332	6.269314110930225
16.85	7.067711023115407
16.866666666666667	7.873667622749281
16.883333333333333	8.520666211960133
16.9	8.466883651741114
16.916666666666668	8.23726918087084
16.933333333333334	7.908012655645848
16.95	7.525247694122072
16.966666666666665	6.462316516251008
16.983333333333334	5.234295355132417
17.0	4.0138167026189535
17.016666666666666	2.933340920934654
17.03333333333333	1.7786293266647135
17.05	0.5030864849280761
17.066666666666666	-1.2872686958438635
17.083333333333332	-2.6275765061114953
17.1	-4.4150814381474675
17.116666666666667	-5.537942285058307
17.133333333333333	-7.155479762694711
17.15	-8.233584018617933
17.166666666666668	-8.985299163554942
17.183333333333334	-9.646753038281759
17.2	-10.303546092559941
17.216666666666665	-10.217531715107953
17.233333333333334	-10.01256315163522
17.25	-9.834231319528044
17.266666666666666	-9.588402429209566
17.28333333333333	-9.237870025850555
17.3	-8.285836043570384
17.316666666666666	-7.014937118743319
17.333333333333332	-5.738407056665494
17.35	-4.467814520360946
17.366666666666667	-3.190531447079479
17.383333333333333	-1.3662549459808133
17.4	0.5121299930694931
17.416666666666668	1.7700277334253087
17.433333333333334	3.387930490606209
17.45	4.3682993863013735
17.466666666666665	5.269926479348101
17.483333333333334	6.147512902790368
17.5	6.915982593238823
17.516666666666666	7.738494623725273
17.53333333333333	8.447478349522953
17.55	8.412642438440344
17.566666666666666	8.186813467619686
17.583333333333332	7.837263058714257
17.6	7.355416852155713
17.616666666666667	6.319444663084596
17.633333333333333	5.120661398824609
17.65	3.855526213123653
17.666666666666668	2.744274686099743
17.683333333333334	1.5560806612612055
17.7	-0.21357360283877824
17.716666666666665	-1.4932570036446577
17.733333333333334	-3.233913559669702
17.75	-4.49412502095322
17.766666666666666	-6.1243269009746655
17.78333333333333	-7.233465285174873
17.8	-8.144808405317008
17.816666666666666	-8.886861001693433
17.833333333333332	-9.552700721557812
17.85	-10.20872180262188
17.866666666666667	-10.13091183906306
17.883333333333333	-9.983636790237938
17.9	-9.73447095707354
17.916666666666668	-9.396583442985843
17.933333333333334	-8.360944326965864
17.95	-7.220916889377349
17.966666666666665	-5.930764671712723
17.983333333333334	-4.668329519739871
18.0	-3.4560243510541113
18.016666666666666	-2.2132473604482925
18.03333333333333	-0.45249229909052247
18.05	0.7211485294340036
18.066666666666666	2.405567521173225
18.083333333333332	3.5266110725208932
18.1	4.3744103348568615
18.116666666666667	5.267710199402302
18.133333333333333	6.144376793115953
18.15	6.904703756268532
18.166666666666668	7.719800970554388
18.183333333333334	8.34968530823329
18.2	8.246244223145766
18.216666666666665	7.98713432355737
18.233333333333334	7.6733389464874335
18.25	7.2021845015016766
18.266666666666666	6.174139909918608
18.28333333333333	5.0457404891816395
18.3	3.8251977621998776
18.316666666666666	2.7268574930379827
18.333333333333332	1.608457422817537
18.35	0.43260794046716455
18.366666666666667	-1.2819702808587863
18.383333333333333	-2.522608711881844
18.4	-4.302032862784415
18.416666666666668	-5.42877113595523
18.433333333333334	-6.314973500543374
18.45	-7.1599844269048845
18.466666666666665	-7.844144280715227
18.483333333333334	-8.39475549467329
18.5	-8.412966230849179
18.516666666666666	-8.130017262723868
18.53333333333333	-7.889335081505067
18.55	-7.701642034725012
18.566666666666666	-7.385116391483734
18.583333333333332	-6.312888245864826
18.6	-5.169859125282585
18.616666666666667	-3.9127971692103074
18.633333333333333	-2.61715163697545
18.65	-1.4411377063364625
18.666666666666668	-0.2780063194360878
18.683333333333334	1.4548112252671217
18.7	2.593819502598876
18.716666666666665	4.284245389803004
18.733333333333334	5.427324658706766
18.75	6.300038052801369
18.766666666666666	7.144505992257791
18.78333333333333	8.00945554805844
18.8	8.77275375844431
18.816666666666666	9.448335180045774
18.833333333333332	9.447534762049145
18.85	9.121902138456733
18.866666666666667	8.840128102389144
18.883333333333333	8.429285119233327
18.9	7.349646522731973
18.916666666666668	6.188956749429337
18.933333333333334	5.0567503364428035
18.95	3.8314848096594005
18.966666666666665	2.699098043507547
18.983333333333334	1.525118581045831
19.0	-0.29923769558149615
19.016666666666666	-1.5806639283034087
19.03333333333333	-3.2787357444153713
19.05	-4.5417018106196
19.066666666666666	-6.131251358071722
19.083333333333332	-7.142097601231626
19.1	-7.956529195692838
19.116666666666667	-8.61886507373299
19.133333333333333	-9.194646072957141
19.15	-9.247244633702167
19.166666666666668	-9.051238679739868
19.183333333333334	-8.801946195378378
19.2	-8.580997953783026
19.216666666666665	-8.22383003720023
19.233333333333334	-7.164495335027254
19.25	-5.9687376729007156
19.266666666666666	-4.673280249469201
19.28333333333333	-3.3998433289231116
19.3	-1.661753952005597
19.316666666666666	-0.37881657453993967
19.333333333333332	1.4519401090338988
19.35	2.5919799216892443
19.366666666666667	4.221242150837099
19.383333333333333	5.368949473112991
19.4	6.224315691264337
19.416666666666668	7.118402025088187
19.433333333333334	8.01503708956011
19.45	8.70705598184918
19.466666666666665	9.32688311692857
19.483333333333334	9.24153325747875
19.5	8.911142369347942
19.516666666666666	8.528752574237842
19.53333333333333	7.577692142359638
19.55	7.079378051539436
19.566666666666666	6.082737476316424
19.583333333333332	5.035684814730985
19.6	3.8209600891908053
19.616666666666667	2.639592627446632
19.633333333333333	1.435804080839148
19.65	-0.3868048982279788
19.666666666666668	-1.6851325589148018
19.683333333333334	-3.314280998189247
19.7	-4.526232151431998
19.716666666666665	-6.0192152908365415
19.733333333333334	-6.87207256635611
19.75	-7.684357143456111
19.766666666666666	-8.397920329964165
19.78333333333333	-8.398809758878087
19.8	-8.283658323190139
19.816666666666666	-8.112208351122604
19.833333333333332	-7.879305305106072
19.85	-7.545530595051673
19.866666666666667	-7.1260226998053895
19.883333333333333	-6.007233489387602
19.9	-4.847682747057547
19.916666666666668	-3.649939993998885
19.933333333333334	-2.3952047443248716
19.95	-0.6655695975110802
19.966666666666665	0.6052575404311256
19.983333333333334	2.334739153458031
20.0	3.4065768309036457
20.016666666666666	4.361491467894325
20.03333333333333	5.332369516289759
20.05	6.2303677827060255
20.066666666666666	7.107182898293672
20.083333333333332	7.923531606205074
20.1	8.524707580940913
20.116666666666667	8.466391829777194
20.133333333333333	8.221651742644895
20.15	7.861006048177046
20.166666666666668	7.485704319697106
20.183333333333334	6.488627144154293
20.2	5.320336836498768
20.216666666666665	4.141230947741747
20.233333333333334	3.008293495355872
20.25	1.8191572640221239
20.266666666666666	0.6501825925093954
20.28333333333333	-0.47927182817096536
20.3	-2.2918418170542054
20.316666666666666	-3.585178014833616
20.333333333333332	-5.2072313907248144
20.35	-6.2974568938853395
20.366666666666667	-7.154416729045238
20.383333333333333	-7.875348343350254
20.4	-8.592988728597447
20.416666666666668	-9.30676706900232
20.433333333333334	-9.235588332626435
20.45	-9.10812838246045
20.466666666666665	-8.937453182118531
20.483333333333334	-8.66984851080008
20.5	-8.313430946734002
20.516666666666666	-7.229312425208775
20.53333333333333	-6.003853326689409
20.55	-4.809620057480288
20.566666666666666	-3.5699351134367134
20.583333333333332	-2.3237089594797453
20.6	-0.5994645736592474
20.616666666666667	0.533773624926198
20.633333333333333	1.6049547993322903
20.65	3.2002899736351083
20.666666666666668	4.305913015265446
20.683333333333334	5.271082583065777
20.7	6.1211485926994555
20.716666666666665	6.9732271045729135
20.733333333333334	7.766624565865584
20.75	8.39819925068366
20.766666666666666	8.328539661236903
20.78333333333333	8.094249441974284
20.8	7.75330722806234
20.816666666666666	7.3211448661350005
20.833333333333332	6.367336488422723
20.85	5.169829469396404
20.866666666666667	4.02978662780032
20.883333333333333	2.9204839475721087
20.9	1.7769459573632957
20.916666666666668	0.5653209988974481
20.933333333333334	-1.1499055158015494
20.95	-2.47976277042045
20.966666666666665	-4.205329394410455
20.983333333333334	-5.324370960337433
21.0	-6.274886980506608
21.016666666666666	-7.10636663224534
21.03333333333333	-7.813192683335217
21.05	-8.501779392846004
21.066666666666666	-9.233765234882753
21.083333333333332	-9.142885696016492
21.1	-9.007948421120432
21.116666666666667	-8.722097542093366
21.133333333333333	-8.399680572473414
21.15	-7.502335243748803
21.166666666666668	-6.982953439224389
21.183333333333334	-5.877416007187435
21.2	-4.798320027642831
21.216666666666665	-3.5357998930045937
21.233333333333334	-2.3456706326837775
21.25	-0.6499355004816607
21.266666666666666	0.5956209562568233
21.28333333333333	2.3284552700336008
21.3	3.3968216258974735
21.316666666666666	4.364269933370053
21.333333333333332	5.235469867353231
21.35	6.021523352425788
21.366666666666667	6.811570039986009
21.383333333333333	7.506898096808641
21.4	7.500692788873664
21.416666666666668	7.250459174267462
21.433333333333334	7.001862425206525
21.45	6.685512152438719
21.466666666666665	6.340902114709593
21.483333333333334	5.380106976376965
21.5	4.174094414254057
21.516666666666666	2.975509551560208
21.53333333333333	1.831673197506916
21.55	0.7081500993760983
21.566666666666666	-0.48484626354451166
21.583333333333332	-2.1598443667327274
21.6	-3.442463204738374
21.616666666666667	-5.092226271885465
21.633333333333333	-6.160631138278518
21.65	-7.0873297473644925
21.666666666666668	-7.9741287596959864
21.683333333333334	-8.702140762579859
21.7	-9.343544351748164
21.716666666666665	-9.336328600930301
21.733333333333334	-9.099645894964397
21.75	-8.952216947857096
21.766666666666666	-8.65803461510535
21.78333333333333	-8.304639141851851
21.8	-7.302731854096123
21.816666666666666	-6.155319948249712
21.833333333333332	-4.922462336347337
21.85	-3.7242341329558712
21.866666666666667	-2.566846073620468
21.883333333333333	-1.3367555998026432
21.9	0.33581230898732883
21.916666666666668	1.565697587485431
21.933333333333334	3.247306475339542
21.95	4.316738563106526
21.966666666666665	5.176735418045951
21.983333333333334	6.084945574005019
22.0	6.876361612380833
22.016666666666666	7.663335539449008
22.03333333333333	8.346332475417626
22.05	8.297345473383189
22.066666666666666	8.13568254380931
22.083333333333332	7.901247012587476
22.1	7.554111902567001
22.116666666666667	6.465390098614364
22.133333333333333	5.293064697747752
22.15	4.089716924003255
22.166666666666668	2.874569440790424
22.183333333333334	1.77281653061425
22.2	0.6068490972120344
22.216666666666665	-0.5026905594820619
22.233333333333334	-2.1595770828482728
22.25	-3.340220020147285
22.266666666666666	-4.372477056972002
22.28333333333333	-5.236360715291937
22.3	-6.0452795249349265
22.316666666666666	-6.869761971294679
22.333333333333332	-7.598910461656942
22.35	-8.294662057325127
22.366666666666667	-8.318463809806758
22.383333333333333	-8.059765733118923
22.4	-7.825193790656897
22.416666666666668	-7.587692347341772
22.433333333333334	-7.1769642639397375
22.45	-6.190060640385354
22.466666666666665	-5.068197883431708
22.483333333333334	-3.8394318971421626
22.5	-2.6625398448692863
22.516666666666666	-1.570547679139736
22.53333333333333	-0.38864238357234626
22.55	1.2649080852123689
22.566666666666666	2.3758975861805993
22.583333333333332	3.4160529296000277
22.6	4.307479319982576
22.616666666666667	5.1513937586141765
22.633333333333333	6.031296199796429
22.65	6.792338290444718
22.666666666666668	7.4600441330272815
22.683333333333334	7.563453964540031
22.7	7.376878991901492
22.716666666666665	7.08749969450696
22.733333333333334	6.777571588032856
22.75	6.359341218486577
22.766666666666666	5.295012365080538
22.78333333333333	4.1802720209183235
22.8	3.028877877394393
22.816666666666666	1.8561085594359383
22.833333333333332	0.8025980664115195
22.85	-0.29320138805263696
22.866666666666667	-1.4134700883958544
22.883333333333333	-2.4100909963207187
22.9	-3.3638042204989347
22.916666666666668	-4.372812256042835
22.933333333333334	-5.208468240000343
22.95	-6.043432913811216
22.966666666666665	-6.86111808308749
22.983333333333334	-7.519141690268157
23.0	-8.139949120236452
23.016666666666666	-8.15575077181029
23.03333333333333	-7.906452199517162
23.05	-7.653112152441622
23.066666666666666	-7.4169755008636
23.083333333333332	-6.380767820024062
23.1	-5.240010414043127
23.116666666666667	-4.039711220841127
23.133333333333333	-2.8292094092294064
23.15	-1.6839280576757574
23.166666666666668	-0.6181850314988537
23.183333333333334	0.5258786349004367
23.2	1.555055782892282
23.216666666666665	2.509250288662656
23.233333333333334	3.4488164598347453
23.25	4.299847897855329
23.266666666666666	5.100904572958939
23.28333333333333	5.911228237998671
23.3	6.717442301158144
23.316666666666666	7.373443182315668
23.333333333333332	7.405557488966224
23.35	7.1913725421691765
23.366666666666667	6.916198154165841
23.383333333333333	6.623077465295353
23.4	6.311423258064565
23.416666666666668	5.292227278313021
23.433333333333334	4.163198068914085
23.45	2.999843112815256
23.466666666666665	1.8193674543078941
23.483333333333334	0.6999345688509493
23.5	-0.3780278105915613
23.516666666666666	-1.4521877216045596
23.53333333333333	-3.0689982918079863
23.55	-4.258172286967579
23.566666666666666	-5.250360719593289
23.583333333333332	-6.058593881383501
23.6	-6.895665519899012
23.616666666666667	-7.725609896664537
23.633333333333333	-8.350236084203402
23.65	-8.316171655512903
23.666666666666668	-8.10649665230875
23.683333333333334	-7.838740921166618
23.7	-7.562116201416416
23.716666666666665	-7.279380606892232
23.733333333333334	-6.285321570198448
23.75	-5.105219970786038
23.766666666666666	-4.022344131543775
23.78333333333333	-2.826541551597643
23.8	-1.651507968511737
23.816666666666666	-0.5545959443689981
23.833333333333332	0.5804136236431532
23.85	2.2350027018558194
23.866666666666667	3.3530036929406606
23.883333333333333	4.342880796000259
23.9	5.221181037869258
23.916666666666668	5.998064989679051
23.933333333333334	6.791992112222033
23.95	7.51191767127159
23.966666666666665	7.519931418037459
23.983333333333334	7.358185404514472
24.0	7.119811178805605
24.016666666666666	6.837389956040909
24.03333333333333	6.52369507096472
24.05	5.5333767624800885
24.066666666666666	4.325569204114572
24.083333333333332	3.1541325969620857
24.1	1.950887762145726
24.116666666666667	0.7958432393145927
24.133333333333333	-0.27863866521249747
24.15	-1.331985930756332
24.166666666666668	-2.432197045251428
24.183333333333334	-3.3671546355777764
24.2	-4.314527639161724
24.216666666666665	-5.184342498806359
24.233333333333334	-6.006962261852607
24.25	-6.753535750222795
24.266666666666666	-7.5570604337943905
24.28333333333333	-8.14835641374026
24.3	-8.182518296357216
24.316666666666666	-8.027632250735508
24.333333333333332	-7.780130159181454
24.35	-7.458124656922223
24.366666666666667	-7.245332067484753
24.383333333333333	-6.2412781392018815
24.4	-5.015020776410893
24.416666666666668	-3.9036644593503524
24.433333333333334	-2.7295026079797253
24.45	-1.5682809220754734
24.466666666666665	-0.5279857816648246
24.483333333333334	0.5278901051675575
24.5	1.535967228972254
24.516666666666666	2.403251142920908
24.53333333333333	3.2899214998384423
24.55	4.176482323605342
24.566666666666666	4.9502432815376665
24.583333333333332	5.763189307942184
24.6	6.493149026101719
24.616666666666667	6.461562931529386
24.633333333333333	6.299864092980442
24.65	6.078168310931005
24.666666666666668	5.734860333641734
24.683333333333334	5.4423704045557315
24.7	4.435384881236757
24.716666666666665	3.250296679083476
24.733333333333334	2.1442886231025113
24.75	0.9303108163185811
24.766666666666666	-0.18627908042844865
24.78333333333333	-1.2585964207866596
24.8	-2.317263318256778
24.816666666666666	-3.403326548588552
24.833333333333332	-4.342921821969412
24.85	-5.189634932884928
24.866666666666667	-6.078171047081469
24.883333333333333	-6.8672829300820695
24.9	-7.633209614010298
24.916666666666668	-8.346520650141258
24.933333333333334	-8.316744019200826
24.95	-8.13467373966671
24.966666666666665	-7.976048135032784
24.983333333333334	-7.740216922695481
25.0	-7.348285628463032
25.016666666666666	-6.446387331777032
25.03333333333333	-5.951787735377309
25.05	-4.888429859552502
25.066666666666666	-3.809119854732387
25.083333333333332	-2.63022765259484
25.1	-1.4914672011975654
25.116666666666667	-0.5105228493907816
25.133333333333333	0.4771469111327633
25.15	1.4925188514934007
25.166666666666668	2.3216900633841533
25.183333333333334	3.2102785754017304
25.2	4.097002436275375
25.216666666666665	4.879775680070168
25.233333333333334	5.704908148903314
25.25	6.41651185159958
25.266666666666666	6.388009392915706
25.28333333333333	6.193044375772217
25.3	5.959589901644335
25.316666666666666	5.593438920393737
25.333333333333332	5.3035357048047445
25.35	4.325959243468731
25.366666666666667	3.1388819218966546
25.383333333333333	2.0293924834008976
25.4	0.8989771343591997
25.416666666666668	-0.22456983769427552
25.433333333333334	-1.2737870479177218
25.45	-2.3220324641911247
25.466666666666665	-3.3218773781318305
25.483333333333334	-4.232318586252575
25.5	-5.075146339837602
25.516666666666666	-6.004177504580923
25.53333333333333	-6.789877027889361
25.55	-7.576661555174383
25.566666666666666	-8.274117955919735
25.583333333333332	-8.275011675220185
25.6	-8.026574632811503
25.616666666666667	-7.83376608964511
25.633333333333333	-7.602677953681166
25.65	-7.21780143063495
25.666666666666668	-6.296088774889654
25.683333333333334	-5.112550678435014
25.7	-3.922396712122577
25.716666666666665	-2.8245857349213566
25.733333333333334	-1.684760124823356
25.75	-0.5757558143751567
25.766666666666666	0.4205328462292073
25.78333333333333	1.4140247150114647
25.8	2.384746553391494
25.816666666666666	3.2292653675749534
25.833333333333332	4.1295898469228405
25.849999999999998	5.01241033974236
25.866666666666667	5.791170305617129
25.883333333333333	6.507340059187072
25.9	6.6159587448616435
25.916666666666668	7.067068561615542
25.933333333333334	7.031522681677245
25.95	6.761452241479219
25.966666666666665	6.381570222008918
25.983333333333334	5.401057873221134
26.0	4.27869936489185
26.016666666666666	3.127968781994582
26.03333333333333	2.030902828907358
26.05	0.9288236678934254
26.066666666666666	-0.18974823747248593
26.083333333333332	-1.240227046582845
26.099999999999998	-2.283284455481862
26.116666666666667	-3.30044126540065
26.133333333333333	-4.2745084027272355
26.15	-5.089142454225453
26.166666666666668	-5.977063086960243
26.183333333333334	-6.723024895059211
26.2	-7.419861670074397
26.216666666666665	-7.393769029298824
26.233333333333334	-7.224533351119987
26.25	-6.923773614637639
26.266666666666666	-6.760668638240759
26.28333333333333	-6.5110350104073405
26.3	-6.188811368133656
26.316666666666666	-5.287273607388215
26.333333333333332	-4.099406418967192
26.349999999999998	-2.899111290385349
26.366666666666667	-1.794363944573547
26.383333333333333	-0.6562937339948576
26.4	0.437601953230228
26.416666666666668	1.3847737310588855
26.433333333333334	2.3645535494890737
26.45	3.3084100777038543
26.466666666666665	4.148238240803607
26.483333333333334	5.041488162294513
26.5	5.861074861295435
26.516666666666666	6.600427466369524
26.53333333333333	7.364031260828881
26.55	7.420768678448951
26.566666666666666	7.185909164504551
26.583333333333332	6.964311401187615
26.599999999999998	6.6743202161044906
26.616666666666667	6.335508451631313
26.633333333333333	5.357775451002283
26.65	4.247063733953951
26.666666666666668	3.0856407453467227
26.683333333333334	1.9471809980751686
26.7	0.8730793618867665
26.716666666666665	-0.2264295908770464
26.733333333333334	-1.2897361240120517
26.75	-2.2616263369496323
26.766666666666666	-3.2810785871727717
26.78333333333333	-4.173533454356061
26.8	-5.0088554965272465
26.816666666666666	-5.855970863528114
26.833333333333332	-6.632271325716488
26.849999999999998	-7.247824515701154
26.866666666666667	-7.255113607991007
26.883333333333333	-7.115622429562336
26.9	-6.876181362790874
26.916666666666668	-6.689630000666796
26.933333333333334	-6.397194465343375
26.95	-5.408983986781152
26.966666666666665	-4.3064882046896855
26.983333333333334	-3.0934260516621066
27.0	-1.8834190046385402
27.016666666666666	-0.7711285781612105
27.03333333333333	0.31201174031252776
27.05	1.4163047073739108
27.066666666666666	2.37652316069574
27.083333333333332	3.3075277273887878
27.099999999999998	4.227532902875055
27.116666666666667	5.073165254039623
27.133333333333333	5.902610477750386
27.15	6.774074930502536
27.166666666666668	7.456887806077816
27.183333333333334	7.535860076475842
27.2	7.3918982313093125
27.216666666666665	7.1429093107578865
27.233333333333334	6.859803781815742
27.25	6.57499188750586
27.266666666666666	6.253871027616242
27.28333333333333	5.276676830060467
27.3	4.176746024649788
27.316666666666666	3.0191770673795304
27.333333333333332	1.8565578730668904
27.349999999999998	0.8272035484460503
27.366666666666667	-0.23354045385269728
27.383333333333333	-1.2949768739599676
27.4	-2.2244609946224045
27.416666666666668	-3.165211578452613
27.433333333333334	-4.084148048194834
27.45	-4.941810908985417
27.466666666666665	-5.735147676793076
27.483333333333334	-6.55652037370686
27.5	-7.157152143684925
27.516666666666666	-7.165401078574121
27.53333333333333	-7.047618345062233
27.55	-6.793048466022356
27.566666666666666	-6.556557429287409
27.583333333333332	-6.311452272635734
27.599999999999998	-5.314919012262408
27.616666666666667	-4.185826837304944
27.633333333333333	-3.0456414094607
27.65	-1.833668284748569
27.666666666666668	-0.7089176791388354
27.683333333333334	0.3370287925864659
27.7	1.3827489548218068
27.716666666666665	2.343784970172692
27.733333333333334	3.2285539236440286
27.75	4.144567611458115
27.766666666666666	5.014037571074709
27.78333333333333	5.8307216228419065
27.8	6.66767776360939
27.816666666666666	7.4333096852438985
27.833333333333332	7.454374617515782
27.849999999999998	7.289477860073077
27.866666666666667	7.04475500889464
27.883333333333333	6.74483072685058
27.9	6.410845083528784
27.916666666666668	5.412123086403085
27.933333333333334	4.2616685851302805
27.95	3.1655161979418835
27.966666666666665	2.056235164160171
27.983333333333334	0.9241128497926638
28.0	-0.11290240468883894
28.016666666666666	-1.1822777842847927
28.03333333333333	-2.2730538377551284
28.05	-3.204336353033227
28.066666666666666	-4.144279782639558
28.083333333333332	-5.083567965612588
28.099999999999998	-5.8168463151477
28.116666666666667	-6.606114336621658
28.133333333333333	-7.346670044006601
28.15	-7.319086716195443
28.166666666666668	-7.090199364674106
28.183333333333334	-6.99593438406248
28.2	-6.723888671911823
28.216666666666665	-6.453055437426087
28.233333333333334	-6.272583720964803
28.25	-5.2687606630191794
28.266666666666666	-4.06491628790377
28.28333333333333	-2.9367112996302467
28.3	-1.7617331920827155
28.316666666666666	-0.6764198485652742
28.333333333333332	0.3232966657575389
28.349999999999998	1.3563502261345093
28.366666666666667	2.2900538171223843
28.383333333333333	3.191915588584834
28.4	4.107610250792163
28.416666666666668	4.9623384588265935
28.433333333333334	5.773831842588436
28.45	6.542296322332618
28.466666666666665	6.670097570474809
28.483333333333334	7.149730602145723
28.5	7.1244467450082425
28.516666666666666	6.894158516241873
28.53333333333333	6.561787631488869
28.55	5.641977751379841
28.566666666666666	5.165346407594598
28.583333333333332	4.154559761409928
28.599999999999998	3.1122983377259743
28.616666666666667	2.0190767228608024
28.633333333333333	0.8651387585107386
28.65	-0.16340662462357614
28.666666666666668	-1.1755925062938672
28.683333333333334	-2.2611537590236708
28.7	-3.1619776937143342
28.716666666666665	-4.051154849054683
28.733333333333334	-4.988666224693816
28.75	-5.740838930774771
28.766666666666666	-6.5063092949864085
28.78333333333333	-7.257246148746503
28.8	-7.219053351851244
28.816666666666666	-7.024807447622209
28.833333333333332	-6.85744832178051
28.849999999999998	-6.634049789471305
28.866666666666667	-6.289450843697807
28.883333333333333	-5.447384923732784
28.9	-4.976801596183691
28.916666666666668	-3.962208240721111
28.933333333333334	-2.9077539766401514
28.95	-1.7549270180372787
28.966666666666665	-0.6578647481904909
28.983333333333334	0.332613879347889
29.0	1.3522027593960502
29.016666666666666	2.263181926642801
29.03333333333333	3.148082706210971
29.05	4.071246994977628
29.066666666666666	4.898929932191606
29.083333333333332	5.603707442362861
29.099999999999998	6.409094758608376
29.116666666666667	6.453149006457011
29.133333333333333	6.305913881866957
29.15	6.127395559789875
29.166666666666668	5.875236543476603
29.183333333333334	5.5172897962009415
29.2	4.566201346784169
29.216666666666665	4.166736207433587
29.233333333333334	3.113113920441492
29.25	2.0757190434406994
29.266666666666666	0.9696604863568155
29.28333333333333	-0.14499301333830772
29.3	-1.157551887449472
29.316666666666666	-2.1636512162957615
29.333333333333332	-3.165395116505465
29.349999999999998	-4.0437175678112
29.366666666666667	-4.948448379423155
29.383333333333333	-5.870672694031782
29.4	-6.639289233099817
29.416666666666668	-7.337968384714031
29.433333333333334	-7.39893399131978
29.45	-7.166885017866889
29.466666666666665	-6.989923214059672
29.483333333333334	-6.809842973323725
29.5	-6.542243379749721
29.516666666666666	-6.248489586466803
29.53333333333333	-5.3355366958167
29.55	-4.17239231978408
29.566666666666666	-2.971994425938078
29.583333333333332	-1.8678502434012216
29.599999999999998	-0.767969117927521
29.616666666666667	0.3184126848574351
29.633333333333333	1.2775912485584513
29.65	2.257574259892408
29.666666666666668	3.1972912935046907
29.683333333333334	4.032753487093601
29.7	4.901363540513216
29.716666666666665	5.770692964626505
29.733333333333334	6.5304051662836855
29.75	6.670506163732682
29.766666666666666	7.186351140679903
29.78333333333333	7.095704664889524
29.8	6.960858359140275
29.816666666666666	6.675363511072021
29.833333333333332	6.304172449728753
29.849999999999998	5.368004540392633
29.866666666666667	4.2704557879764025
29.883333333333333	3.109216655189357
29.9	2.0475082958525945
29.916666666666668	0.94683425288531
29.933333333333334	-0.14761761258841943
29.95	-1.1542074265577185
29.966666666666665	-2.1367495690363967
29.983333333333334	-3.14074279395129
30.0	-4.053502717285369
30.016666666666666	-4.921278797737159
30.03333333333333	-5.78727062252409
30.05	-6.528373295196161
30.066666666666666	-7.235697181023966
30.083333333333332	-7.295010548436096
30.099999999999998	-7.061484838198112
30.116666666666667	-6.891863824214397
30.133333333333333	-6.700829916683574
30.15	-6.36994535206685
30.166666666666668	-5.325775031731723
30.183333333333334	-4.268252809318142
30.2	-3.0957408917154225
30.216666666666665	-1.967629520195544
30.233333333333334	-0.8991290106827137
30.25	0.2045628930805492
30.266666666666666	1.2562788183578277
30.28333333333333	2.1793830627016177
30.3	3.1703785022036755
30.316666666666666	4.161835831515987
30.333333333333332	5.013476935059202
30.349999999999998	5.9004858397535145
30.366666666666667	6.703354431068533
30.383333333333333	7.375076986171166
30.4	7.383960567262648
30.416666666666668	7.227576949196077
30.433333333333334	7.001844674415793
30.45	6.790239398949495
30.466666666666665	6.513755999288605
30.483333333333334	5.608132578812501
30.5	5.1579765468043774
30.516666666666666	4.216848116751748
30.53333333333333	3.1010117266826
30.55	2.015850248272386
30.566666666666666	0.9051583968771411
30.583333333333332	-0.2458368088308589
30.599999999999998	-1.2408709863231024
30.616666666666667	-2.1852110351940155
30.633333333333333	-3.1405020886097645
30.65	-3.9961911741730773
30.666666666666668	-4.7697699157027955
30.683333333333334	-5.615514346480552
30.7	-6.347373640681042
30.716666666666665	-6.36809221810654
30.733333333333334	-6.2918021239941595
30.75	-6.049636189244552
30.766666666666666	-5.793202800247627
30.78333333333333	-5.647289400036925
30.8	-5.347781341847508
30.816666666666666	-4.3507560928795215
30.833333333333332	-3.278186117742621
30.849999999999998	-2.0619340932548766
30.866666666666667	-0.9183653341560216
30.883333333333333	0.13156983715009574
30.9	1.2056643734783279
30.916666666666668	2.2177817680074554
30.933333333333334	3.1518947763825054
30.95	4.1008373022750675
30.966666666666665	5.062307118510603
30.983333333333334	5.886225796075337
31.0	6.731415704058406
31.016666666666666	7.501900207783251
31.03333333333333	7.542252063200749
31.05	7.382807349842665
31.066666666666666	7.174120311161914
31.083333333333332	6.940661152675716
31.099999999999998	6.692533343051423
31.116666666666667	6.427602399355692
31.133333333333333	5.460179757395565
31.15	4.377265860266107
31.166666666666668	3.2200805366470604
31.183333333333334	2.0528723414819297
31.2	0.9389793263551383
31.216666666666665	-0.09692938169803256
31.233333333333334	-1.216337787998043
31.25	-2.159977891815629
31.266666666666666	-3.0473195521283287
31.28333333333333	-3.974885336587022
31.3	-4.853771896847093
31.316666666666666	-5.653499827352732
31.333333333333332	-6.480847415802884
31.349999999999998	-7.25549093706195
31.366666666666667	-7.27662380250581
31.383333333333333	-7.188913708069265
31.4	-6.95114345593413
31.416666666666668	-6.688215625406315
31.433333333333334	-6.423755031474968
31.45	-5.473066871391438
31.466666666666665	-4.983194542886622
31.483333333333334	-4.083395158625422
31.5	-2.9910587929001053
31.516666666666666	-1.8925816066422385
31.53333333333333	-0.8633533236676385
31.55	0.23250233866843928
31.566666666666666	1.2130300335793436
31.583333333333332	2.1306025957043175
31.599999999999998	3.0843478225174294
31.616666666666667	4.03358596775422
31.633333333333333	4.82779232272901
31.65	5.67494002398638
31.666666666666668	6.384768001575026
31.683333333333334	6.394133252107281
31.7	6.283592743672386
31.716666666666665	6.108432589181575
31.733333333333334	5.855731320179302
31.75	5.608371580066375
31.766666666666666	5.38934081845116
31.78333333333333	4.406990760942676
31.8	3.3054856008049
31.816666666666666	2.1630289758701906
31.833333333333332	1.0479064287123379
31.849999999999998	-0.027761463088950222
31.866666666666667	-1.042161538248024
31.883333333333333	-2.0971953693811543
31.9	-3.06979899255208
31.916666666666668	-3.9650895709418137
31.933333333333334	-4.910238606447763
31.95	-5.737599435549498
31.966666666666665	-6.560146058892428
31.983333333333334	-7.326658113806502
32.0	-7.442789827237959
32.016666666666666	-7.980020573813135
32.03333333333333	-7.976638759759112
32.05	-7.776332109230509
32.06666666666666	-7.55884874024764
32.083333333333336	-7.280348201929257
32.1	-6.298002729671566
32.11666666666667	-5.160973870216026
32.13333333333333	-4.040808362017174
32.15	-2.963212435448554
32.166666666666664	-1.8718423011893037
32.18333333333333	-0.8692920349534461
32.2	0.1442236071606544
32.21666666666667	1.149906823815627
32.233333333333334	2.107285279835992
32.25	3.05859899742552
32.266666666666666	3.9840525542883825
32.28333333333333	4.812901434611717
32.3	5.5337397151251935
32.31666666666666	5.680846413142149
32.333333333333336	6.159171431701907
32.35	6.112973176599212
32.36666666666667	5.98690295002541
32.38333333333333	5.764408188003586
32.4	5.463932431878845
32.416666666666664	4.646536883533372
32.43333333333333	4.183034921021431
32.45	3.2177670797108817
32.46666666666667	2.169737396157757
32.483333333333334	1.0660752818318429
32.5	-0.04982310424747993
32.516666666666666	-1.0686685299795045
32.53333333333333	-2.050810416368563
32.55	-3.0428021487216483
32.56666666666666	-3.9253533666174008
32.583333333333336	-4.783892350033966
32.6	-5.696289950711275
32.61666666666667	-6.441364991116302
32.63333333333333	-7.224722966765171
32.65	-7.324166650995721
32.666666666666664	-7.148250293160231
32.68333333333333	-6.986494509759723
32.7	-6.744457852330697
32.71666666666667	-6.449263864740942
32.733333333333334	-6.212639851321455
32.75	-5.2570296564739465
32.766666666666666	-4.159012210102446
32.78333333333333	-3.0872689862611082
32.8	-2.022106309069386
32.81666666666666	-0.9564199077476587
32.833333333333336	0.08617379032318695
32.85	1.1331453956135533
32.86666666666667	2.138489953671751
32.88333333333333	3.0937120749499627
32.9	4.003774887720908
32.916666666666664	4.875185525411666
32.93333333333333	5.583537508243921
32.95	6.356029752340476
32.96666666666667	6.426492605415774
32.983333333333334	6.301237893875964
33.0	6.08902560525928
33.016666666666666	5.904451962912731
33.03333333333333	5.741756914555026
33.05	5.96725524247438
33.06666666666666	5.548709145342627
33.083333333333336	4.674400820923381
33.1	4.161313624982995
33.11666666666667	3.1564390905890605
33.13333333333333	2.1065988041891046
33.15	1.0041977567727827
33.166666666666664	-0.14775121863783625
33.18333333333333	-1.1386545439984275
