mass_A
t	x
0.0	7.128017556693493
0.01666666666666667	8.213948485413027
0.03333333333333334	9.42796244066028
0.05000000000000002	11.00010579875186
0.06666666666666667	12.56267395269657
0.08333333333333333	14.081640917819072
0.09999999999999999	15.767020487496097
0.11666666666666667	17.53598004423668
0.13333333333333336	19.17691213750129
0.15	20.938029717159793
0.16666666666666669	22.750276092622414
0.18333333333333338	24.546547199063298
0.2	26.18073477093401
0.21666666666666667	27.88238649685428
0.2333333333333333	29.393091673483354
0.25	30.827191535658812
0.26666666666666666	32.005689946067264
0.2833333333333333	32.97714105980958
0.3	33.532622417736206
0.3166666666666667	33.799613657318105
0.33333333333333337	33.89990776799419
0.35000000000000003	33.712329044125795
0.3666666666666667	33.246695635628384
0.38333333333333336	32.42182843015269
0.4	31.5495644155975
0.4166666666666667	30.421044200655274
0.4333333333333333	29.199513401552906
0.45000000000000007	27.947949547586177
0.4666666666666667	26.49364435722532
0.48333333333333334	24.86113455649263
0.5000000000000001	23.13597699200602
0.5166666666666666	21.241471795180473
0.5333333333333333	19.203021365987752
0.5499999999999999	17.20446750299459
0.5666666666666667	15.248843585054715
0.5833333333333333	13.348610873460359
0.6	11.747162028210141
0.6166666666666666	10.330363095221514
0.6333333333333333	9.132961568727296
0.6499999999999999	8.139108412113274
0.6666666666666666	7.284091604112405
0.6833333333333332	6.739941921102968
0.7	6.279385549976212
0.7166666666666667	6.10328832965979
0.7333333333333333	6.09300290996498
0.75	6.249727828436278
0.7666666666666666	6.803763417972391
0.7833333333333333	7.431672996885766
0.7999999999999999	8.3215788046449
0.8166666666666667	9.406373927882328
0.8333333333333333	10.854097837444328
0.85	12.37553395358941
0.8666666666666666	14.146655930760744
0.8833333333333333	16.016175555326924
0.8999999999999999	17.9471741551925
0.9166666666666666	19.9032875190573
0.9333333333333332	21.749962207739372
0.9499999999999998	23.58398462514259
0.9666666666666667	25.1553411308837
0.9833333333333334	26.726051144665576
0.9999999999999999	28.2252194640281
1.0166666666666666	29.45160569312202
1.0333333333333334	30.617060301299944
1.05	31.51206157798515
1.0666666666666667	32.26012813836479
1.0833333333333335	32.95362688973114
1.1	33.37786653773412
1.1166666666666667	33.33660794509683
1.1333333333333333	33.243967243601446
1.1500000000000001	32.818490111135475
1.1666666666666667	32.1447639826614
1.1833333333333333	31.180941851985892
1.2	30.065820133233956
1.2166666666666668	28.81718828151719
1.2333333333333334	27.32452280493385
1.25	25.821605034175263
1.2666666666666668	24.225522131396588
1.2833333333333334	22.484068195906673
1.3	20.748870418830165
1.3166666666666667	19.107520924151856
1.3333333333333335	17.26646909588254
1.35	15.451418936979508
1.3666666666666667	13.730654033689461
1.3833333333333333	12.146930798966764
1.4000000000000001	10.648949301458345
1.4166666666666667	9.402304846178595
1.4333333333333333	8.206706812609013
1.45	7.301714017462814
1.4666666666666668	6.802420389938902
1.4833333333333334	6.314855997429618
1.5	6.221484012941232
1.5166666666666668	6.2695917372832355
1.5333333333333334	6.649532491804621
1.55	7.263260606317544
1.5666666666666667	8.089367011474224
1.5833333333333335	9.083567543188792
1.6	10.190013631346119
1.6166666666666667	11.434011153286974
1.6333333333333333	12.897994195633146
1.6500000000000001	14.406921591990454
1.6666666666666667	16.13668672870466
1.6833333333333333	17.93487797764078
1.7	19.886590121544998
1.7166666666666668	21.863296692384893
1.7333333333333334	23.755571115440034
1.75	25.58986642010808
1.7666666666666666	27.18090047255862
1.7833333333333334	28.66097621955413
1.8	30.088366560829286
1.8166666666666667	31.12949238624924
1.8333333333333335	32.07542355240878
1.85	32.79644520395482
1.8666666666666667	33.26667923609591
1.8833333333333333	33.44456544937361
1.9000000000000001	33.45958030784544
1.9166666666666667	33.28218238633622
1.9333333333333333	32.992856030392716
1.95	32.3265954322203
1.9666666666666668	31.431229254188793
1.9833333333333332	30.240177058566474
2.0000000000000004	29.023726664642368
2.0166666666666666	27.481839888574882
2.033333333333333	25.820590552277395
2.05	24.137019588604517
2.0666666666666664	22.360926575057135
2.083333333333333	20.518209402144123
2.0999999999999996	18.65884600731988
2.1166666666666667	17.054859771148244
2.1333333333333333	15.303622517389272
2.15	13.73260271107631
2.1666666666666665	12.31900794327845
2.183333333333333	10.959164987417182
2.1999999999999997	9.775503301659228
2.2166666666666663	8.830550972508604
2.233333333333333	7.9674524634075965
2.25	7.2610386776440805
2.2666666666666666	6.8940631176493525
2.283333333333333	6.630637020214692
2.3	6.883420135073379
2.3166666666666664	7.20144575890464
2.333333333333333	7.892575466023629
2.3499999999999996	8.748841258629682
2.3666666666666667	9.910882742449417
2.3833333333333333	11.13319209815063
2.4	12.487791533628297
2.4166666666666665	13.913743227442865
2.433333333333333	15.465786723859196
2.4499999999999997	17.082698310197202
2.4666666666666663	18.793342151713887
2.483333333333333	20.496722945637714
2.5	22.199590075474077
2.5166666666666666	23.982546973018998
2.533333333333333	25.673639202321397
2.55	27.396629686863378
2.5666666666666664	28.91946673276533
2.583333333333333	30.30743757751054
2.5999999999999996	31.373981217535174
2.6166666666666667	32.25882818506216
2.6333333333333333	32.979458618257866
2.65	33.36578864324031
2.6666666666666665	33.42256413108419
2.683333333333333	33.331939663810374
2.6999999999999997	33.121229517699476
2.7166666666666663	32.58603608253611
2.733333333333333	31.914229095575365
2.75	31.13324483707953
2.7666666666666666	30.088982622499543
2.783333333333333	28.921153886773027
2.8	27.432883065494707
2.8166666666666664	25.91126599604854
2.833333333333333	24.1246298378328
2.8499999999999996	22.3032251089046
2.8666666666666667	20.45821889116661
2.8833333333333333	18.521484402851286
2.9	16.71769363724593
2.9166666666666665	15.097480470550522
2.933333333333333	13.434752008400096
2.9499999999999997	11.978450930390068
2.9666666666666663	10.652411918005669
2.983333333333333	9.532736967114488
3.0	8.462499161272717
3.0166666666666666	7.676941925633457
3.033333333333333	7.212637153000173
3.05	6.933419299708476
3.0666666666666664	6.795840401265082
3.083333333333333	6.988014468093297
3.0999999999999996	7.285480928802201
3.1166666666666667	7.888578534300905
3.1333333333333333	8.66015736318991
3.15	9.838302808257652
3.1666666666666665	11.115444070010312
3.183333333333333	12.464932031016815
3.1999999999999997	13.98557219208169
3.2166666666666663	15.586170014561787
3.233333333333333	17.211704829592406
3.25	19.005123054324372
3.2666666666666666	20.802206772615932
3.283333333333333	22.523115030885947
3.3	24.173389914673066
3.3166666666666664	25.749786401070196
3.333333333333333	27.242514880012322
3.3499999999999996	28.701217005635158
3.3666666666666663	30.066358059178754
3.3833333333333333	31.123371633544025
3.4	32.13531012273802
3.4166666666666665	32.836437382056374
3.433333333333333	33.3032927025302
3.4499999999999997	33.484857377126616
3.4666666666666663	33.359383625302144
3.483333333333333	33.16781333626807
3.5	32.51349078130738
3.5166666666666666	31.763943804594078
3.533333333333333	30.95125078140046
3.55	29.84728065704951
3.5666666666666664	28.50175053979126
3.583333333333333	27.093078414454283
3.5999999999999996	25.55217397318779
3.6166666666666663	23.91480636225566
3.6333333333333333	22.18689149981202
3.65	20.445883092445342
3.6666666666666665	18.634742685614412
3.683333333333333	17.037892420379876
3.6999999999999997	15.276299002513156
3.7166666666666663	13.599276773705753
3.733333333333333	12.045084506308285
3.75	10.747340306342721
3.7666666666666666	9.571902384527903
3.783333333333333	8.456409218466831
3.8	7.706664716108264
3.8166666666666664	7.2328508306119375
3.833333333333333	7.031238393455794
3.8499999999999996	7.059119439920778
3.8666666666666663	7.210508318422399
3.8833333333333333	7.444256791393116
3.9	8.123118377788956
3.9166666666666665	8.876140880571313
3.933333333333333	9.898141267523215
3.9499999999999997	11.084335505045772
3.9666666666666663	12.323705045921315
3.983333333333333	13.874962270563515
3.9999999999999996	15.55655262678988
4.016666666666667	17.16858651231746
4.033333333333332	18.968134922251465
4.05	20.834472305405484
4.066666666666666	22.51214763453885
4.083333333333334	24.136296867386136
4.1000000000000005	25.78947557418269
4.116666666666667	27.24285842461768
4.133333333333334	28.708906323527117
4.15	30.05169741736421
4.166666666666667	31.081557761405293
4.183333333333334	32.02173963198521
4.2	32.49473255676128
4.216666666666667	32.965436342986266
4.233333333333333	33.158577190978576
4.25	33.12670181769738
4.266666666666667	32.86276334940828
4.283333333333333	32.32772769167798
4.3	31.581665300469126
4.316666666666667	30.497873176156077
4.333333333333334	29.310341868971022
4.3500000000000005	28.07212615820157
4.366666666666667	26.691853068252385
4.383333333333334	25.176747529863405
4.4	23.472474812397934
4.416666666666667	21.78304631219237
4.433333333333334	20.074761976821833
4.45	18.310964958156603
4.466666666666667	16.577352491180136
4.483333333333333	14.932438165690428
4.5	13.391753360046607
4.516666666666667	12.02736570691195
4.533333333333333	10.79656262272698
4.55	9.816322564744837
4.566666666666667	8.86720660189593
4.583333333333334	8.113039584229796
4.6000000000000005	7.459092212684141
4.616666666666667	7.086443131665078
4.633333333333334	7.088815878161199
4.65	7.2375367329955225
4.666666666666667	7.659688940799526
4.683333333333334	8.404561207621555
4.7	9.257771113031367
4.716666666666667	10.233418945057736
4.733333333333333	11.372618989003684
4.75	12.660765550263363
4.766666666666667	14.214327481920009
4.783333333333333	15.76753540148809
4.8	17.47027193775847
4.816666666666667	19.084938555582312
4.833333333333334	20.86782333064457
4.8500000000000005	22.632455967575652
4.866666666666667	24.28953407179921
4.883333333333334	25.981397947237838
4.9	27.361257137883115
4.916666666666667	28.690970283498814
4.933333333333334	30.020138475472663
4.95	31.063386885779778
4.966666666666667	31.895747956119976
4.983333333333333	32.484140651271446
5.0	32.90337997353606
5.016666666666667	33.02416792428346
5.033333333333333	33.02084056932898
5.05	32.70496586102706
5.066666666666667	32.21593429237248
5.083333333333334	31.390869831916746
5.1000000000000005	30.421540878093992
5.116666666666667	29.24509989719843
5.133333333333334	28.08700166987944
5.15	26.699901567006123
5.166666666666667	25.1981424975379
5.183333333333334	23.45621233500634
5.2	21.799808392539603
5.216666666666667	20.06529812072921
5.233333333333333	18.25506895687863
5.25	16.46158112568469
5.266666666666667	14.842058637162609
5.283333333333333	13.341603212732934
5.3	12.014164787799132
5.316666666666667	10.792332117290243
5.333333333333334	9.860756370405568
5.3500000000000005	9.086556130473582
5.366666666666667	8.269627299952163
5.383333333333334	7.779230580365379
5.4	7.477810320120739
5.416666666666667	7.317629638748542
5.433333333333334	7.386587271116355
5.45	7.766853260475841
5.466666666666667	8.421372895284208
5.483333333333333	9.276508183077908
5.5	10.281299698467137
5.516666666666667	11.408173363129436
5.533333333333333	12.831823974900203
5.55	14.30705144698311
5.566666666666667	15.917459954303922
5.583333333333334	17.49612283618177
5.6000000000000005	19.13917515024025
5.616666666666667	20.818521032555736
5.633333333333334	22.526866139244135
5.65	24.035933900794646
5.666666666666667	25.553779439896175
5.683333333333334	26.96382087617019
5.7	28.29745751023131
5.716666666666667	29.42269985346138
5.733333333333333	30.349477117276365
5.75	31.132982466459453
5.766666666666667	31.742993073903733
5.783333333333333	32.22194085200084
5.8	32.26180143149378
5.816666666666667	32.1857229638224
5.833333333333334	31.857584595467188
5.8500000000000005	31.32729441747881
5.866666666666667	30.49513458390834
5.883333333333334	29.439274793802497
5.9	28.3236268578695
5.916666666666667	27.077332736594315
5.933333333333334	25.600092737707428
5.95	24.12824574493027
5.966666666666667	22.43737788196654
5.983333333333333	20.90458290088327
6.0	19.193200628657905
6.016666666666667	17.393127118303823
6.033333333333333	15.784519843090607
6.05	14.237697393161284
6.066666666666667	12.776783101933631
6.083333333333334	11.391573734457438
6.1000000000000005	10.195165025528865
6.116666666666667	9.146691044120985
6.133333333333334	8.225093107562486
6.15	7.613992034424996
6.166666666666667	7.035164188551164
6.183333333333334	6.883219593302101
6.2	6.98261723047068
6.216666666666667	7.157705596601829
6.233333333333333	7.636027279261214
6.25	8.35229418270876
6.266666666666667	9.146110488540899
6.283333333333333	10.161252635013113
6.3	11.255435037729512
6.316666666666667	12.504945661892634
6.333333333333334	14.04107698544658
6.3500000000000005	15.496183796885873
6.366666666666667	17.138910117572664
6.383333333333334	18.858541632751894
6.4	20.481941343068968
6.416666666666667	22.185601417205532
6.433333333333334	23.866157445086287
6.45	25.373339706303227
6.466666666666667	26.91981457204315
6.483333333333333	28.29016286087932
6.5	29.346820179468807
6.516666666666667	30.268006391769177
6.533333333333333	31.063218262419184
6.55	31.494880689258935
6.566666666666666	31.981795283065253
6.583333333333334	32.18458058662827
6.6000000000000005	32.14043918993076
6.616666666666667	31.920304043162787
6.633333333333334	31.39626135312892
6.65	30.405078077201438
6.666666666666667	29.335144374389643
6.683333333333334	28.133368848711086
6.7	26.740833101206476
6.716666666666667	25.29975774605947
6.733333333333333	23.843165850390278
6.75	22.250826594102477
6.766666666666667	20.50550430293424
6.783333333333333	18.91410623848543
6.8	17.21500678117303
6.816666666666666	15.528946724491448
6.833333333333334	13.951346148762525
6.8500000000000005	12.36273466462228
6.866666666666667	10.987183186510379
6.883333333333334	9.876532612581627
6.9	8.931813972089515
6.916666666666667	8.063003978397148
6.933333333333334	7.39805581582425
6.95	6.9971821031842865
6.966666666666667	6.95182193768801
6.983333333333333	7.050287365127815
7.0	7.263132120962098
7.016666666666667	7.887321488380621
7.033333333333333	8.670424444798414
7.05	9.68392331794962
7.066666666666666	10.895037790456115
7.083333333333334	12.147996195467385
7.1000000000000005	13.37709072570209
7.116666666666667	14.853677904493338
7.133333333333334	16.383342370633898
7.15	17.987013985247586
7.166666666666667	19.71338901820343
7.183333333333334	21.532152122749494
7.2	23.166002457709965
7.216666666666667	24.849176895313008
7.233333333333333	26.487750742719925
7.25	27.894065323957705
7.266666666666667	29.09453456964468
7.283333333333333	30.126653878089428
7.3	30.961503868608702
7.316666666666666	31.464910648001933
7.333333333333334	31.987238769450528
7.3500000000000005	32.20055383637691
7.366666666666667	32.33615967816587
7.383333333333334	32.25253764293598
7.4	31.993719489747377
7.416666666666667	31.321542886113548
7.433333333333334	30.475481479137386
7.45	29.283831714572386
7.466666666666667	28.01361306441771
7.483333333333333	26.61344628922643
7.5	25.02900463247397
7.516666666666667	23.493754460759533
7.533333333333333	21.882385152802442
7.55	20.232237916883605
7.566666666666666	18.48983450185972
7.583333333333334	16.840880533069935
7.6000000000000005	15.2075338810713
7.616666666666667	13.698574357919654
7.633333333333334	12.391195110460444
7.65	11.123971035218403
7.666666666666667	10.070566626734262
7.683333333333334	9.14814596346622
7.7	8.279733924352684
7.716666666666667	7.581681727995601
7.733333333333333	7.089602400567401
7.75	6.908377953626996
7.766666666666667	7.002265796098243
7.783333333333333	7.364980384046589
7.8	8.081481889942324
7.816666666666666	9.05129409854328
7.833333333333334	10.173850128778497
7.8500000000000005	11.211428290066806
7.866666666666667	12.374549358921058
7.883333333333334	13.62379793447451
7.9	14.93008921208002
7.916666666666667	16.389772760003154
7.933333333333333	18.0759486835791
7.95	19.707313960693796
7.966666666666668	21.471721484871182
7.983333333333333	23.225834448203727
8.000000000000002	24.865416029584026
8.016666666666667	26.355895517825275
8.033333333333333	27.7290935670037
8.05	29.02139845295909
8.066666666666666	30.02505489633546
8.083333333333332	30.866532329345432
8.100000000000001	31.475335900485675
8.116666666666667	31.87284591277671
8.133333333333333	32.13206085496995
8.149999999999999	32.087040530247634
8.166666666666668	31.96741185749306
8.183333333333334	31.564570377136363
8.2	30.865707263756804
8.216666666666667	30.086130512350223
8.233333333333333	29.114883495612332
8.25	27.933574334689126
8.266666666666666	26.578931713031466
8.283333333333333	25.010934420075273
8.299999999999999	23.41659368214755
8.316666666666666	21.68306503544858
8.333333333333332	20.110865594100233
8.35	18.368364734098805
8.366666666666665	16.663524088833128
8.383333333333333	15.200608310784105
8.399999999999999	13.719206577836133
8.416666666666666	12.42827834813994
8.433333333333332	11.196826645898113
8.45	10.125232591909821
8.466666666666667	9.199898173528254
8.483333333333333	8.417331462925972
8.5	7.931912070564692
8.516666666666666	7.622339784652809
8.533333333333333	7.291021138994097
8.549999999999999	7.305065423661006
8.566666666666666	7.697223320768558
8.583333333333332	8.311403832249198
8.6	9.11785918307362
8.616666666666665	10.12205051652893
8.633333333333333	11.29092367664083
8.649999999999999	12.582760014231269
8.666666666666666	14.037390050395402
8.683333333333332	15.472017335230078
8.7	17.027004754978407
8.716666666666667	18.612539357552237
8.733333333333333	20.172626635028678
8.75	21.692685937299814
8.766666666666666	23.325799695236753
8.783333333333333	24.905453903154353
8.799999999999999	26.314750647832057
8.816666666666666	27.534152364651163
8.833333333333332	28.659117859485377
8.85	29.781501224504723
8.866666666666665	30.65342488152112
8.883333333333333	31.40369389734758
8.899999999999999	31.725602927776094
8.916666666666666	32.006448884710835
8.933333333333332	32.05213742141598
8.95	31.855937020944054
8.966666666666667	31.351097281488762
8.983333333333333	30.71100753245247
9.0	29.88580050314306
9.016666666666666	28.897820675728326
9.033333333333333	27.65143693793675
9.049999999999999	26.28365376506241
9.066666666666666	24.92128053582826
9.083333333333332	23.32856002939741
9.1	21.822396398831984
9.116666666666665	20.200091328252313
9.133333333333333	18.56973631897239
9.149999999999999	16.887186418279725
9.166666666666666	15.287569913737002
9.183333333333332	13.841753287807705
9.2	12.452272465434135
9.216666666666667	11.170103479100362
9.233333333333333	10.124487642652639
9.25	9.180115686238764
9.266666666666666	8.464576955790903
9.283333333333333	8.074935291306701
9.299999999999999	7.870703458212461
9.316666666666666	7.957511097111876
9.333333333333332	8.156723489179399
9.35	8.418605607746656
9.366666666666665	9.023662315848583
9.383333333333333	9.819622170627667
9.399999999999999	10.771516349066758
9.416666666666666	11.92985619038086
9.433333333333332	13.192897173853396
9.45	14.489255151941165
9.466666666666667	16.005406711168916
9.483333333333333	17.58007425899649
9.5	19.080940162199795
9.516666666666666	20.67128616953221
9.533333333333333	22.343328139416258
9.549999999999999	23.900897106462025
9.566666666666666	25.38226343915801
9.583333333333332	26.83312123554458
9.6	28.08605460748379
9.616666666666665	29.198783111663715
9.633333333333333	30.15273771695712
9.649999999999999	30.96102891041511
9.666666666666666	31.474338983821497
9.683333333333332	31.904477048443255
9.7	32.09869105838925
9.716666666666667	32.1098414499902
9.733333333333333	31.92845329029319
9.75	31.364787500638613
9.766666666666666	30.729069361700624
9.783333333333333	29.88748744126235
9.799999999999999	28.880894186044202
9.816666666666666	27.59722855564064
9.833333333333332	26.12588672389535
9.85	24.59315837400129
9.866666666666665	23.00021721936298
9.883333333333333	21.366521408768904
9.899999999999999	19.840300099488445
9.916666666666666	18.29156161318599
9.933333333333332	16.809325385780255
9.95	15.301852964544764
9.966666666666667	13.913052485513731
9.983333333333333	12.61806055333966
10.0	11.216348509921545
10.016666666666666	10.119879867268764
10.033333333333333	9.223064323175208
10.049999999999999	8.516762880001465
10.066666666666666	8.062083277051897
10.083333333333332	7.891911983340719
10.1	7.850930060340602
10.116666666666665	8.066103080498124
10.133333333333333	8.421766726850933
10.149999999999999	9.031489391367131
10.166666666666666	9.956002465468828
10.183333333333332	11.015079042152706
10.2	12.149649308781932
10.216666666666667	13.301043349475435
10.233333333333333	14.528478362040346
10.25	15.813709726607442
10.266666666666666	17.316180744953556
10.283333333333333	18.990810374912826
10.299999999999999	20.68448533487998
10.316666666666666	22.50869114425052
10.333333333333332	24.122057515082133
10.35	25.675197812386273
10.366666666666665	27.134492321388677
10.383333333333333	28.196469277865106
10.399999999999999	29.173860826251257
10.416666666666666	30.086271875443003
10.433333333333332	30.87946692496314
10.45	31.34027731845049
10.466666666666667	31.85153218639107
10.483333333333333	32.00510815135942
10.5	32.067328754964706
10.516666666666666	31.885920385972554
10.533333333333333	31.300781485450557
10.549999999999999	30.48330850771748
10.566666666666666	29.488396089590367
10.583333333333332	28.335242776523728
10.6	27.065835647462052
10.616666666666665	25.794109040485637
10.633333333333333	24.402022043281704
10.649999999999999	22.857308736837012
10.666666666666666	21.254191906088295
10.683333333333332	19.702188198529257
10.7	18.087234456404303
10.716666666666667	16.411540683743738
10.733333333333333	14.880652354025415
10.75	13.364385428869696
10.766666666666666	12.037277809947739
10.783333333333333	10.987337868847362
10.799999999999999	9.985315473600508
10.816666666666666	9.19919304543339
10.833333333333332	8.525558985034422
10.85	8.061688658344337
10.866666666666665	7.909768307199897
10.883333333333333	7.974439625043942
10.899999999999999	8.149798424700407
10.916666666666666	8.553236714798686
10.933333333333332	9.185469378291714
10.95	10.054428187030169
10.966666666666667	11.14186142688493
10.983333333333333	12.332515382468728
11.0	13.63712076322156
11.016666666666666	15.229565599095736
11.033333333333333	16.738199199209646
11.049999999999999	18.29285386397794
11.066666666666666	19.923241161574083
11.083333333333332	21.422853256226915
11.1	23.006643810402522
11.116666666666665	24.503524702176378
11.133333333333333	25.947531788824563
11.149999999999999	27.233016599918983
11.166666666666666	28.48956347235918
11.183333333333332	29.43112667365739
11.2	30.24103301282173
11.216666666666667	30.998982762861772
11.233333333333333	31.4874514678786
11.25	31.67133948853194
11.266666666666666	31.860748500029672
11.283333333333333	31.744926995767685
11.299999999999999	31.307498143116618
11.316666666666666	30.792691120701875
11.333333333333332	30.042463202697718
11.35	29.08024957956991
11.366666666666665	28.03427928317126
11.383333333333333	26.828201957731608
11.399999999999999	25.357756937873546
11.416666666666666	23.990437254355754
11.433333333333332	22.420060718584068
11.45	20.870345343138695
11.466666666666667	19.2124408819692
11.483333333333333	17.553974476813437
11.5	15.88765883345502
11.516666666666666	14.358509381029535
11.533333333333333	12.944195810607312
11.549999999999999	11.747437485820228
11.566666666666666	10.838710886760282
11.583333333333332	10.058042037688324
11.6	9.315437476197474
11.616666666666665	8.841158481371735
11.633333333333333	8.556693865892498
11.649999999999999	8.272782969691264
11.666666666666666	8.265696049931535
11.683333333333332	8.397106541658218
11.7	8.921834646843877
11.716666666666667	9.5862215388658
11.733333333333333	10.277226743803283
11.75	11.34044965138935
11.766666666666666	12.55231871325418
11.783333333333333	13.96108470138688
11.799999999999999	15.349439971286074
11.816666666666666	16.98020352060297
11.833333333333332	18.43401717438121
11.85	20.05313722545236
11.866666666666665	21.568300800151405
11.883333333333333	23.02683020804568
11.899999999999999	24.39815540378794
11.916666666666666	25.696119397171515
11.933333333333332	27.08964047590416
11.95	28.251285826857554
11.966666666666667	29.26246066616534
11.983333333333333	30.10721784035502
12.0	30.793513096010088
12.016666666666666	31.30386587016551
12.033333333333333	31.488693897705957
12.049999999999999	31.35414654022202
12.066666666666666	31.14699734150497
12.083333333333332	30.676615956203023
12.1	30.12625507928533
12.116666666666665	29.312914904684874
12.133333333333333	28.29355364978869
12.149999999999999	27.174206247541576
12.166666666666666	25.96266907501149
12.183333333333332	24.573210490359315
12.2	23.065953799865724
12.216666666666667	21.54520807095423
12.233333333333333	20.014067786258124
12.25	18.359046312741896
12.266666666666666	16.885089793699876
12.283333333333333	15.322079477236628
12.299999999999999	13.931838943328216
12.316666666666666	12.61014361758373
12.333333333333332	11.276436262290929
12.35	10.202717930008475
12.366666666666665	9.31995698337596
12.383333333333333	8.68255916786569
12.399999999999999	8.237284453315397
12.416666666666666	8.040705742582418
12.433333333333332	8.041032327246057
12.45	8.121981864072666
12.466666666666667	8.422408502003805
12.483333333333333	9.0025820158628
12.5	9.734538332780176
12.516666666666666	10.71304648350474
12.533333333333333	11.852367903396498
12.549999999999999	13.103562675641967
12.566666666666666	14.364023109852383
12.583333333333332	15.768859388783994
12.6	17.288190951225772
12.616666666666665	18.876702160282207
12.633333333333333	20.44824561236021
12.649999999999999	22.02596134763354
12.666666666666666	23.575017342595345
12.683333333333332	24.988514132387195
12.7	26.2830407296687
12.716666666666667	27.537291657973697
12.733333333333333	28.499964945479178
12.75	29.311131554433473
12.766666666666666	30.11548925209263
12.783333333333333	30.688981183021895
12.799999999999999	31.26146025582449
12.816666666666666	31.395601446605042
12.833333333333332	31.32061163773824
12.85	31.13290005677402
12.866666666666665	30.750007505341614
12.883333333333333	30.182643186741416
12.899999999999999	29.41305350253532
12.916666666666666	28.335642117164923
12.933333333333332	27.131795340008694
12.95	25.978927569721918
12.966666666666665	24.38725081674562
12.983333333333333	22.855436383812958
13.0	21.313631841148208
13.016666666666666	19.784947816354077
13.033333333333333	18.24841678954141
13.049999999999999	16.80659379024894
13.066666666666666	15.422827914809318
13.083333333333332	14.116094628371457
13.1	12.865758997918647
13.116666666666665	11.697226269584348
13.133333333333333	10.706708305504662
13.149999999999999	9.895448479752247
13.166666666666666	9.192500765188242
13.183333333333332	8.617223885747137
13.2	8.248841553909529
13.216666666666665	8.220655519218212
13.233333333333333	8.331271095531747
13.25	8.764696562895324
13.266666666666666	9.359339878730339
13.283333333333333	10.132366934680817
13.299999999999999	11.09462107847628
13.316666666666666	12.146649793364418
13.333333333333332	13.292151243162039
13.35	14.494774054408254
13.366666666666665	16.01516753010668
13.383333333333333	17.39791544260771
13.399999999999999	18.8979798674971
13.416666666666666	20.443449463640206
13.433333333333332	21.96397046533076
13.45	23.42308293651911
13.466666666666665	24.94488048353577
13.483333333333333	26.318125135065316
13.5	27.511667292398556
13.516666666666666	28.584832060218673
13.533333333333333	29.360876012549795
13.549999999999999	30.059235160809294
13.566666666666666	30.487769479778592
13.583333333333332	30.727227001574988
13.6	31.07850115566032
13.616666666666665	31.031368187941894
13.633333333333333	30.81196554309429
13.649999999999999	30.41754119841022
13.666666666666666	29.846764570143876
13.683333333333332	29.098244547266802
13.7	28.113049978361005
13.716666666666665	27.014928554900564
13.733333333333333	25.791895248411834
13.75	24.447842467799262
13.766666666666666	22.91232907280221
13.783333333333333	21.3052122975148
13.799999999999999	19.862934880126545
13.816666666666666	18.212362114026178
13.833333333333332	16.69947859954118
13.85	15.34374413732479
13.866666666666665	14.042243223498986
13.883333333333333	12.806328851283297
13.899999999999999	11.860584427978438
13.916666666666666	10.912075847145388
13.933333333333332	10.084109882650637
13.95	9.36777513921794
13.966666666666665	8.932093361158763
13.983333333333333	8.647504478564713
14.0	8.762735657583676
14.016666666666666	8.946493201841804
14.033333333333333	9.297157359905327
14.049999999999999	9.889071422313691
14.066666666666666	10.723050557963802
14.083333333333332	11.760255381727461
14.1	12.939202410063444
14.116666666666665	14.161510789253498
14.133333333333333	15.368122486246307
14.149999999999999	16.808220154200285
14.166666666666666	18.29603807863873
14.183333333333332	19.793909568029676
14.2	21.328615396379405
14.216666666666665	22.843827748717104
14.233333333333333	24.276363675265713
14.25	25.657159143184344
14.266666666666666	27.09025956542621
14.283333333333333	28.259164347226033
14.299999999999999	29.26001546748165
14.316666666666666	30.206338034264547
14.333333333333332	30.924355459042033
14.35	31.39192745731708
14.366666666666665	31.67442865253122
14.383333333333333	31.88315526688234
14.399999999999999	31.899837193651592
14.416666666666666	31.54357472744772
14.433333333333332	30.929178433830657
14.45	30.26495740584096
14.466666666666665	29.381551730339424
14.483333333333333	28.291142323522706
14.5	27.184091581135988
14.516666666666666	25.98800912581578
14.533333333333333	24.477220608659763
14.549999999999999	23.061831112808363
14.566666666666666	21.427082449224713
14.583333333333332	19.834512138992466
14.6	18.261341118233645
14.616666666666665	16.83421352529956
14.633333333333333	15.328067138088102
14.649999999999999	14.11182491062425
14.666666666666666	12.884654661491368
14.683333333333332	11.863874016197087
14.7	10.980595980215298
14.716666666666665	10.167740229383242
14.733333333333333	9.548955247873437
14.75	9.067825018459757
14.766666666666666	8.83803284664225
14.783333333333333	8.871133320521267
14.799999999999999	9.154237751750486
14.816666666666666	9.477148825559198
14.833333333333332	10.022771104448736
14.85	10.835520440645041
14.866666666666665	11.904384711180228
14.883333333333333	12.965379922304237
14.899999999999999	14.179590305867464
14.916666666666666	15.467726693588816
14.933333333333332	16.87897409951472
14.95	18.314231151562012
14.966666666666665	19.885054508333837
14.983333333333333	21.320632670260522
15.0	22.86791931434493
15.016666666666666	24.280590523775516
15.033333333333333	25.560529171748783
15.049999999999999	26.854732573167553
15.066666666666666	28.101256073044283
15.083333333333332	29.09535419562144
15.1	30.009356473040725
15.116666666666665	30.65179080741939
15.133333333333333	31.23629840462354
15.149999999999999	31.432550405789016
15.166666666666666	31.425099617263356
15.183333333333332	31.25743873676231
15.2	31.012646912417438
15.216666666666665	30.393414898606807
15.233333333333333	29.708791949513056
15.25	28.991941976332555
15.266666666666666	28.04274228981626
15.283333333333333	26.90734037886466
15.299999999999999	25.586489613987624
15.316666666666666	24.125331101020492
15.333333333333332	22.65672795495186
15.35	21.18140382403965
15.366666666666665	19.67013563013336
15.383333333333333	18.170176201358345
15.399999999999999	16.723138348345003
15.416666666666666	15.339252411739608
15.433333333333332	14.020390231431122
15.45	12.878183450308939
15.466666666666665	11.891667065952674
15.483333333333333	10.974594775856758
15.5	10.182708853521376
15.516666666666666	9.64681462124986
15.533333333333333	9.225170507333587
15.549999999999999	9.061282263060264
15.566666666666666	9.097142096074094
15.583333333333332	9.26393738197919
15.6	9.723342720263986
15.616666666666665	10.32170217307987
15.633333333333333	11.098573065214168
15.649999999999999	12.09643921830434
15.666666666666666	13.189991893317767
15.683333333333332	14.366832445151772
15.7	15.717425837722033
15.716666666666665	17.17696390201695
15.733333333333333	18.594969536693668
15.75	20.013290654401487
15.766666666666666	21.467484191626852
15.783333333333333	22.963395490589562
15.799999999999999	24.321367377363458
15.816666666666666	25.75470780790363
15.833333333333332	27.056326556906242
15.85	28.18621789882286
15.866666666666665	29.178310825276185
15.883333333333333	30.048226319346895
15.899999999999999	30.6861662844384
15.916666666666666	31.204106316762477
15.933333333333332	31.339381572558864
15.949999999999998	31.285333379551105
15.966666666666667	31.11839960921924
15.983333333333333	30.82156557534165
15.999999999999998	30.25165714262613
16.01666666666667	29.481027673118433
16.033333333333335	28.577043457286436
16.049999999999997	27.457132530574995
16.066666666666663	26.242671937885802
16.083333333333336	24.971775084133924
16.1	23.621787049326713
16.116666666666667	22.039283970660165
16.13333333333333	20.4744434680224
16.15	18.93444758089555
16.166666666666664	17.41117606239095
16.183333333333334	15.969755379989351
16.2	14.554185982667718
16.216666666666665	13.237870151873722
16.23333333333333	12.120595754257693
16.249999999999996	11.117871952814653
16.26666666666667	10.1899999928346
16.283333333333335	9.402567917325541
16.299999999999997	8.941816171016853
16.316666666666666	8.467070586572618
16.333333333333336	8.27903667893338
16.349999999999998	8.30235166753323
16.366666666666667	8.61760489188623
16.38333333333333	9.051687347544771
16.400000000000002	9.81056640890813
16.416666666666668	10.73314535485548
16.433333333333334	11.783409247069812
16.45	12.935145026301939
16.46666666666667	14.146346758895447
16.483333333333334	15.354417394000507
16.5	16.82843746751695
16.51666666666667	18.32897348879999
16.533333333333335	19.850539039563387
16.55	21.373488800254734
16.566666666666666	22.84702307152577
16.583333333333336	24.22406425815791
16.6	25.45788768343266
16.616666666666667	26.585882803223285
16.633333333333333	27.4572391210595
16.650000000000002	28.354277785981026
16.666666666666668	29.13287706730489
16.683333333333334	29.7310410141597
16.7	30.30671731903891
16.71666666666667	30.491636541152843
16.733333333333334	30.424880985622963
16.75	30.282975133692844
16.76666666666667	29.944517658790858
16.783333333333335	29.33713358467878
16.8	28.49529675809265
16.816666666666666	27.69384089416303
16.833333333333336	26.593606900526197
16.85	25.320313271608825
16.866666666666667	24.164440389268236
16.883333333333333	22.781910789388576
16.900000000000002	21.340950129272926
16.916666666666668	20.003899595468738
16.933333333333334	18.38135815332896
16.95	16.97405379762216
16.96666666666667	15.458724917603945
16.983333333333334	14.101591545347958
17.0	12.944301886769267
17.01666666666667	11.858835118417915
17.033333333333335	10.945975783359302
17.05	10.112565428024027
17.066666666666666	9.353076061550667
17.083333333333336	8.964570956712635
17.1	8.686391912364854
17.116666666666667	8.72989617754206
17.133333333333333	8.935908452376111
17.150000000000002	9.201726253766196
17.166666666666668	9.74160759143399
17.183333333333334	10.39363090797201
17.2	11.184272815076383
17.21666666666667	12.155354413617601
17.233333333333334	13.209039031361215
17.25	14.36493568723455
17.26666666666667	15.701388176297996
17.283333333333335	17.197014307996596
17.3	18.625527186640397
17.316666666666666	20.05451613867922
17.333333333333336	21.45691968870625
17.35	22.918315788481095
17.366666666666667	24.280863309662664
17.383333333333333	25.476894620271082
17.400000000000002	26.570809855356117
17.416666666666668	27.448106640047286
17.433333333333334	28.27826011300158
17.45	29.08626749951145
17.46666666666667	29.559646469563063
17.483333333333334	29.99830418879668
17.5	30.185851659844843
17.51666666666667	30.188193671124623
17.533333333333335	30.08119995647951
17.55	29.69198892303848
17.566666666666666	29.249886985205137
17.583333333333336	28.412229040914895
17.6	27.407109495110376
17.616666666666667	26.31821914471095
17.633333333333333	25.092388550470673
17.650000000000002	23.741569098635978
17.666666666666668	22.377873923530444
17.683333333333334	21.01687467934903
17.7	19.492872207783876
17.71666666666667	18.05983058874034
17.733333333333334	16.671701692678994
17.75	15.371688592539954
17.76666666666667	14.100558739482494
17.783333333333335	12.894078390267055
17.8	11.899694441704128
17.816666666666666	10.974545061400022
17.833333333333336	10.136487174806746
17.85	9.389955352794232
17.866666666666667	9.017144198336155
17.883333333333333	8.770826017811203
17.900000000000002	8.824587760853433
17.916666666666668	9.018701379921936
17.933333333333334	9.285715132150358
17.95	9.875917862788697
17.96666666666667	10.549911989889097
17.983333333333334	11.304704565873635
18.0	12.270285813866565
18.01666666666667	13.328288740462597
18.033333333333335	14.465570908080167
18.05	15.808282355118479
18.066666666666666	17.237672815096175
18.083333333333336	18.612985667120824
18.1	20.07476209699729
18.116666666666667	21.496086569073555
18.133333333333333	22.896666054439436
18.150000000000002	24.27016987557181
18.166666666666668	25.40577789526469
18.183333333333334	26.481088502236275
18.2	27.442060891481333
18.21666666666667	28.25595453689823
18.233333333333334	29.08953221696811
18.25	29.571899536406136
18.26666666666667	30.006996329264894
18.283333333333335	30.111720170329477
18.3	30.12109547154637
18.316666666666666	29.942977432619216
18.333333333333336	29.38607678911933
18.35	28.947817590957015
18.366666666666667	28.176079099166827
18.383333333333333	27.22590643753017
18.400000000000002	26.20834213343653
18.416666666666668	25.052830075497354
18.433333333333334	23.735838288827665
18.45	22.319068608089424
18.46666666666667	20.924008993056475
18.483333333333334	19.336035775368828
18.5	17.921079031418685
18.51666666666667	16.399567652065457
18.533333333333335	15.068523514130902
18.55	13.865151718395737
18.566666666666666	12.759948080768766
18.583333333333336	11.778793776781072
18.6	10.953781078818395
18.616666666666667	10.17287051914434
18.633333333333333	9.42122378572742
18.650000000000002	9.050370900023779
18.666666666666668	8.813128114417907
18.683333333333334	8.79790407412986
18.7	9.023017885352601
18.71666666666667	9.280227738170993
18.733333333333334	9.879869392448768
18.75	10.613055959079588
18.76666666666667	11.413041444199166
18.783333333333335	12.336204545298187
18.8	13.500206643105287
18.816666666666666	14.807378212655863
18.833333333333336	16.153187863383664
18.85	17.499958074801327
18.866666666666667	18.97722811241067
18.883333333333333	20.329798365529825
18.900000000000002	21.745655187678267
18.916666666666668	23.268648840500703
18.933333333333334	24.463906903588168
18.95	25.655539390855438
18.96666666666667	26.982020217932245
18.983333333333334	28.0484417963238
19.0	28.996159240855036
19.01666666666667	29.737367881053842
19.033333333333335	30.263688300404397
19.05	30.566845078244228
19.066666666666666	30.519255273960653
19.083333333333336	30.356585984626122
19.1	30.06550085590186
19.116666666666667	29.525865854942083
19.133333333333333	28.840589828719146
19.150000000000002	28.164184493489017
19.166666666666668	27.19425169476608
19.183333333333334	26.129548666311734
19.2	24.97764575188222
19.21666666666667	23.757419208171086
19.233333333333334	22.407752830321442
19.25	20.972523722859364
19.26666666666667	19.465489856943407
19.283333333333335	18.01189129976126
19.3	16.507201188947874
19.316666666666666	15.135773693325746
19.333333333333336	13.865072239146855
19.35	12.720463109148113
19.366666666666667	11.83427311416608
19.383333333333333	10.987050986721385
19.400000000000002	10.248033142848385
19.416666666666668	9.719751923826152
19.433333333333334	9.291727793285986
19.45	9.110836699685194
19.46666666666667	9.130682363733058
19.483333333333334	9.204781190089648
19.5	9.523624272897337
19.51666666666667	10.063649111814811
19.533333333333335	10.768524188611082
19.55	11.71935478766153
19.566666666666666	12.8214769330242
19.583333333333336	14.030103594073125
19.6	15.288966901401409
19.616666666666667	16.585849838809224
19.633333333333333	17.982033818803984
19.650000000000002	19.42977687618429
19.666666666666668	20.81379265409646
19.683333333333334	22.234515342890063
19.7	23.592526230520036
19.71666666666667	24.75198458336672
19.733333333333334	26.046554409763473
19.75	27.17603607848764
19.76666666666667	28.129574938973747
19.783333333333335	29.003056349799067
19.8	29.807908863638488
19.816666666666666	30.24414469860767
19.833333333333336	30.523192228971027
19.85	30.525589005873485
19.866666666666667	30.344605812930297
19.883333333333333	30.022530694251486
19.900000000000002	29.54634813553912
19.916666666666668	28.807266961009077
19.933333333333334	28.08608070671619
19.95	27.132204507251004
19.96666666666667	26.059042353439168
19.983333333333334	24.877568171695827
20.0	23.671602254460254
20.01666666666667	22.347305817565427
20.033333333333335	20.93492080756772
20.05	19.576252670641225
20.066666666666666	18.067539486562282
20.083333333333336	16.586953893246402
20.1	15.09670742944354
20.116666666666667	13.721336452292803
20.133333333333333	12.534627959988143
20.150000000000002	11.423071308143562
20.166666666666668	10.565171471512087
20.183333333333334	9.980194786173456
20.2	9.680917843884288
20.21666666666667	9.618639346145187
20.233333333333334	9.468758800989463
20.25	9.4147368395856
20.26666666666667	9.475078504637565
20.283333333333335	9.776877187784521
20.3	10.250693015831473
20.316666666666666	10.967870848899906
20.333333333333336	11.818429587266564
20.35	12.981902422300209
20.366666666666667	14.17716410849448
20.383333333333333	15.381995336433874
20.400000000000002	16.75389808278385
20.416666666666668	18.133781784986354
20.433333333333334	19.38858897370244
20.45	20.7779882851014
20.46666666666667	22.158049500425136
20.483333333333334	23.45920877079277
20.5	24.661418140466594
20.51666666666667	25.96577255851696
20.533333333333335	27.002635401293446
20.55	27.92083194870378
20.566666666666666	28.6326143940193
20.583333333333336	29.354981225852555
20.6	29.965697186373063
20.616666666666667	30.30097575485388
20.633333333333333	30.492922689972488
20.650000000000002	30.421166159270342
20.666666666666668	29.97681059772077
20.683333333333334	29.236913418963695
20.7	28.304866197770536
20.71666666666667	27.246648926924024
20.733333333333334	26.217225489538407
20.75	25.190271618577924
20.76666666666667	24.15243270939459
20.783333333333335	23.131632249212203
20.8	22.08618103663173
20.816666666666666	20.84065001526261
20.833333333333336	19.37551675291138
20.85	17.879949683745394
20.866666666666667	16.280841499107055
20.883333333333333	14.890465676704821
20.900000000000002	13.765364964290086
20.916666666666668	12.804002768371674
20.933333333333334	12.015764914798353
20.95	11.309703831940737
20.96666666666667	10.789722905285714
20.983333333333334	10.267159467167232
21.0	9.903434046670668
21.01666666666667	9.626976898125235
21.033333333333335	9.378784456066
21.05	9.458509449684357
21.066666666666666	9.884412451861294
21.083333333333336	10.393395982542359
21.1	11.185178159056818
21.116666666666667	12.160529202146108
21.133333333333333	13.16698994887156
21.150000000000002	14.206767492098152
21.166666666666668	15.295457382705763
21.183333333333334	16.44217501373771
21.2	17.833183684997948
21.21666666666667	19.27357252009375
21.233333333333334	20.678263831947675
21.25	22.24622670378966
21.26666666666667	23.505189603861368
21.283333333333335	24.712788389109846
21.3	26.029454765701644
21.316666666666666	27.04164427991725
21.333333333333336	27.899024972619486
21.35	28.706458451655976
21.366666666666667	29.3040535767783
21.383333333333333	29.855729536266892
21.400000000000002	30.118856066580406
21.416666666666668	30.23021621325239
21.433333333333334	30.200233322449208
21.45	29.997416721394757
21.46666666666667	29.415599298122515
21.483333333333334	28.769339798600868
21.5	28.023443253356334
21.51666666666667	27.04198731955313
21.533333333333335	26.00733995700034
21.55	24.841395632360786
21.566666666666666	23.421120014902954
21.583333333333336	22.04535133714944
21.6	20.68126234965075
21.616666666666667	19.263159420123316
21.633333333333333	17.914339836215106
21.650000000000002	16.604547476061725
21.666666666666668	15.215623872466267
21.683333333333334	14.063435753452723
21.7	13.06012543367956
21.71666666666667	12.134187961465784
21.733333333333334	11.302458354589362
21.75	10.5565970685833
21.76666666666667	10.054602352986706
21.783333333333335	9.724045531953607
21.8	9.553576869060635
21.816666666666666	9.428915551323485
21.833333333333336	9.556941618411884
21.85	9.992177589751236
21.866666666666667	10.549896936177788
21.883333333333333	11.26980821335485
21.900000000000002	12.247749933491832
21.916666666666668	13.301073885229073
21.933333333333334	14.435613958565568
21.95	15.676002320082262
21.96666666666667	17.04562282299719
21.983333333333334	18.260107372848893
22.0	19.573900154392163
22.01666666666667	20.903424947809583
22.033333333333335	22.224081762511446
22.05	23.502957763834956
22.066666666666666	24.69004791592147
22.083333333333336	26.02352836629757
22.1	27.15615840480342
22.116666666666667	28.093893685394846
22.133333333333333	28.890440361163144
22.150000000000002	29.513774693006326
22.166666666666668	29.807594688144093
22.183333333333334	30.0652314780487
22.2	30.075346911026088
22.21666666666667	29.86630042123909
22.233333333333334	29.508036922002702
22.25	28.901964083865835
22.26666666666667	28.167265817161706
22.283333333333335	27.40025301894184
22.3	26.312246857438083
22.316666666666666	25.12451577587882
22.333333333333336	23.97711104984876
22.35	22.883010556849285
22.366666666666667	21.67067583822336
22.383333333333333	20.385013494995746
22.400000000000002	19.00465362444936
22.416666666666668	17.510764060870144
22.433333333333334	16.072057662015368
22.45	14.703104731548592
22.46666666666667	13.485725413655246
22.483333333333334	12.352860067137101
22.5	11.452071705775666
22.51666666666667	10.784712159493324
22.533333333333335	10.259497157351916
22.55	10.021771963768856
22.566666666666666	9.819880195052633
22.583333333333336	9.822065544409838
22.6	9.970769603895405
22.616666666666667	10.184274082108743
22.633333333333333	10.413582343693292
22.650000000000002	11.005954247691875
22.666666666666668	11.72035030537802
22.683333333333334	12.702381402217952
22.7	13.928807384052561
22.71666666666667	15.130887875767598
22.733333333333334	16.382298639820362
22.75	17.856309155741428
22.76666666666667	19.222498032779185
22.783333333333335	20.54650625556542
22.8	21.944136089009874
22.816666666666666	23.166566216468368
22.833333333333336	24.34625440765751
22.85	25.461803356868245
22.866666666666667	26.336861361228443
22.883333333333333	27.224642033953955
22.900000000000002	28.074602647040138
22.916666666666668	28.75534523828742
22.933333333333334	29.311713044128055
22.95	29.874305115329093
22.96666666666667	30.111629074882444
22.983333333333334	30.144915404640074
23.0	30.11621572469039
23.01666666666667	29.809590940074997
23.033333333333335	29.20199220665893
23.05	28.3503492102991
23.066666666666666	27.276214640981664
23.083333333333336	26.201178085306083
23.1	25.096640815258127
23.116666666666667	23.92005838563159
23.133333333333333	22.747277786949667
23.150000000000002	21.504871019609254
23.166666666666668	20.156560187137984
23.183333333333334	18.947755720281066
23.2	17.698755106423107
23.21666666666667	16.43511792757056
23.233333333333334	15.18564315640998
23.25	13.958282315752626
23.26666666666667	12.895245828198199
23.283333333333335	11.961177244383919
23.3	11.186675239120973
23.316666666666666	10.544789567203907
23.333333333333336	10.078588913874
23.35	9.915033216688585
23.366666666666667	9.927479966549754
23.383333333333333	10.120292790428152
23.400000000000002	10.390943788623474
23.416666666666668	10.885250051847265
23.433333333333334	11.482842339506021
23.45	12.21051022148231
23.46666666666667	13.091385418935033
23.483333333333334	14.08302926065926
23.5	15.164165055478975
23.51666666666667	16.24427833859113
23.533333333333335	17.428893155504454
23.55	18.710194228510318
23.566666666666666	20.189695518766484
23.583333333333336	21.583260513663788
23.6	22.946858540715823
23.616666666666667	24.246026444507606
23.633333333333333	25.465559952337003
23.650000000000002	26.542557805410354
23.666666666666668	27.34335153493953
23.683333333333334	28.10141417818096
23.7	28.7175822403683
23.71666666666667	29.218407355685258
23.733333333333334	29.42055237024681
23.75	29.468985382918106
23.76666666666667	29.349732200646713
23.783333333333335	29.204917297181055
23.8	28.978377746895546
23.816666666666666	28.439832511641384
23.833333333333336	27.825598449520896
23.85	27.146014668991484
23.866666666666667	26.10980679689999
23.883333333333333	24.978318542538204
23.900000000000002	23.761557730788468
23.916666666666668	22.401475380076363
23.933333333333334	21.007927606569183
23.95	19.568274704954263
23.96666666666667	18.122034884884897
23.983333333333334	16.923411829123665
24.0	15.744710707607567
24.01666666666667	14.679713111679007
24.033333333333335	13.874262663797708
24.05	12.948488063487616
24.066666666666666	12.080111165891935
24.083333333333336	11.298167610148198
24.1	10.61976085849551
24.116666666666667	10.059367240789811
24.133333333333333	9.796852086012223
24.150000000000002	9.796824875837501
24.166666666666668	9.952325551903414
24.183333333333334	10.22405580386453
24.2	10.81879949097788
24.21666666666667	11.542200546450204
24.233333333333334	12.305073893352812
24.25	13.259784009568307
24.26666666666667	14.273180303611582
24.283333333333335	15.383612108418106
24.3	16.52481746198407
24.316666666666666	17.62314432881942
24.333333333333336	18.854717109087176
24.35	20.181542250768416
24.366666666666667	21.350875360171017
24.383333333333333	22.506275125189063
24.400000000000002	23.734930158187524
24.416666666666668	25.06895003558583
24.433333333333334	26.1791101682212
24.45	27.206233737988896
24.46666666666667	28.009558568196894
24.483333333333334	28.737885181217166
24.5	29.279679672471275
24.51666666666667	29.482307761233244
24.533333333333335	29.448844943765323
24.55	29.333234380296744
24.566666666666666	29.074857460591602
24.583333333333336	28.609697757512265
24.6	28.080751490852833
24.616666666666667	27.281274614407266
24.633333333333333	26.375206793242683
24.650000000000002	25.354810438436743
24.666666666666668	24.256915761467212
24.683333333333334	23.118850701268457
24.7	21.96547360510158
24.71666666666667	20.634586877760682
24.733333333333334	19.353509632698547
24.75	18.070604858520824
24.76666666666667	16.67079014680337
24.783333333333335	15.390754841117143
24.8	14.153976857726548
24.816666666666666	13.055335835892379
24.833333333333336	12.116821301179016
24.85	11.263231071862151
24.866666666666667	10.681673790775903
24.883333333333333	10.260851715197987
24.900000000000002	10.063508029680747
24.916666666666668	9.961209833697978
24.933333333333334	10.007207230392737
24.95	10.11713970949063
24.96666666666667	10.254115108769952
24.983333333333334	10.704352703235713
25.0	11.348604861378476
25.01666666666667	12.103529584408307
25.033333333333335	13.095492741781072
25.05	14.19216715222376
25.066666666666666	15.333720516463245
25.083333333333336	16.523655465914885
25.1	17.96494236537808
25.116666666666667	19.241937140864763
25.133333333333333	20.453627812452964
25.150000000000002	21.770448920208253
25.166666666666668	23.053018250986838
25.183333333333334	24.214436904974377
25.2	25.23749961329213
25.21666666666667	26.200870489637623
25.233333333333334	27.134699992488663
25.25	27.949618098036012
25.26666666666667	28.638669966224825
25.283333333333335	29.223484786319318
25.3	29.525239861812224
25.316666666666666	29.513121690588946
25.333333333333336	29.375541978361355
25.35	29.114085788223576
25.366666666666667	28.545909240217952
25.383333333333333	27.953783288512398
25.400000000000002	27.195123853888276
25.416666666666668	26.22513819578944
25.433333333333334	25.203648907416323
25.45	24.12230828956632
25.46666666666667	22.95405450471594
25.483333333333334	21.777178261736935
25.5	20.56216215856955
25.51666666666667	19.173563227905902
25.533333333333335	17.95467817906672
25.55	16.694518551329395
25.566666666666666	15.477107045704656
25.583333333333336	14.215958271401803
25.6	13.149226357370935
25.616666666666667	12.13671092709842
25.633333333333333	11.274579571304002
25.650000000000002	10.586883122582321
25.666666666666668	10.064778609429311
25.683333333333334	9.86714642842145
25.7	9.821447344484682
25.71666666666667	9.93411201541079
25.733333333333334	10.16251577601605
25.75	10.490709408803525
25.766666666666666	11.05968941490437
25.783333333333335	11.74923341852093
25.8	12.497637714705377
25.816666666666666	13.31690735273304
25.833333333333336	14.273169993812076
25.85	15.350337986038085
25.866666666666667	16.47900346983465
25.883333333333333	17.818500515013284
25.900000000000002	19.204144753056198
25.916666666666668	20.462242353227452
25.933333333333334	21.83999639753057
25.95	23.191014113168308
25.96666666666667	24.300049039628334
25.983333333333334	25.310739792190475
26.0	26.24741891156691
26.016666666666666	27.072758541151074
26.033333333333335	27.719714686982684
26.05	28.33959841856972
26.066666666666666	28.671130917909977
26.083333333333336	29.1195221849606
26.1	29.194253429990454
26.116666666666667	29.153672200987785
26.133333333333333	28.941642549496578
26.150000000000002	28.513927789615877
26.166666666666668	27.840302871876702
26.183333333333334	27.174940366345936
26.2	26.235778011178922
26.21666666666667	25.18667294223968
26.233333333333334	24.051555235930437
26.25	22.897980866777743
26.266666666666666	21.602323175483775
26.283333333333335	20.240237272618174
26.3	18.980733139479526
26.316666666666666	17.600252043721184
26.333333333333336	16.250433830682027
26.35	15.118691068384123
26.366666666666667	14.064003409769612
26.383333333333333	13.072478179831705
26.400000000000002	12.147257054660145
26.416666666666668	11.294201628862197
26.433333333333334	10.685446601937429
26.45	10.217860616026996
26.46666666666667	9.934323909513182
26.483333333333334	9.842307002577797
26.5	9.95072406067493
26.516666666666666	10.163815707389347
26.533333333333335	10.544466836660717
26.55	11.142900443504686
26.566666666666666	11.944408263556852
26.583333333333336	12.86418285321406
26.6	13.891452185481455
26.616666666666667	14.980103443883934
26.633333333333333	16.10600519814153
26.650000000000002	17.255363009299458
26.666666666666668	18.404944993283266
26.683333333333334	19.65228374845151
26.7	21.07005059794608
26.71666666666667	22.28069752786257
26.733333333333334	23.52960214184492
26.75	24.666324609321123
26.766666666666666	25.868793148187592
26.783333333333335	26.958942663050266
26.8	27.822851169618673
26.816666666666666	28.44966936866649
26.833333333333336	29.017176606589487
26.85	29.273743262263736
26.866666666666667	29.44301319509509
26.883333333333333	29.37291063112434
26.900000000000002	29.277590402274654
26.916666666666668	28.93465687245032
26.933333333333334	28.440818229580998
26.95	27.872927431641642
26.96666666666667	27.118053320586398
26.983333333333334	26.248038699219023
27.0	25.20297988642085
27.016666666666666	24.093617568313903
27.033333333333335	22.97211772461884
27.05	21.79021401717722
27.066666666666666	20.428915607448175
27.083333333333336	19.05609868241197
27.1	17.83662040821099
27.116666666666667	16.577068299081816
27.133333333333333	15.258851474446942
27.150000000000002	14.183631046538721
27.166666666666668	13.176924392484807
27.183333333333334	12.263356759387307
27.2	11.471874480207362
27.21666666666667	10.9235768397416
27.233333333333334	10.395765474760083
27.25	10.143940314572319
27.266666666666666	10.022349765499541
27.283333333333335	10.091109511960894
27.3	10.248034939292268
27.316666666666666	10.546455856582213
27.333333333333336	11.097908527439131
27.35	11.85743738458035
27.366666666666667	12.714307032585907
27.383333333333333	13.823211260581843
27.400000000000002	14.975359526610191
27.416666666666668	16.154833347370072
27.433333333333334	17.359460208263044
27.45	18.61553368229113
27.46666666666667	19.76793483023789
27.483333333333334	21.12963940386794
27.5	22.32410982576539
27.516666666666666	23.4205181952575
27.533333333333335	24.4103032072303
27.55	25.353144116285307
27.566666666666666	26.279779515679934
27.583333333333336	27.161013960388914
27.6	27.841618311252773
27.616666666666667	28.39431507669417
27.633333333333333	28.85798953029962
27.650000000000002	29.132187489422677
27.666666666666668	29.157785153067948
27.683333333333334	28.98282999616356
27.7	28.57925957089924
27.71666666666667	27.97584765417264
27.733333333333334	27.262576476573827
27.75	26.435831707813463
27.766666666666666	25.423484513096867
27.783333333333335	24.500516781237366
27.8	23.394891437222668
27.816666666666666	22.22013871791978
27.833333333333336	21.0850660024293
27.85	19.884681734013384
27.866666666666667	18.425522163516348
27.883333333333333	17.096592847371596
27.900000000000002	15.935766534990137
27.916666666666668	14.69832617137638
27.933333333333334	13.797205750809155
27.95	12.979308701991272
27.96666666666667	12.10971691239348
27.983333333333334	11.348648481150121
28.0	10.895348655929922
28.016666666666666	10.325421386119842
28.033333333333335	10.094926079899096
28.05	10.061386808471184
28.066666666666666	10.098853265757327
28.083333333333336	10.300738104026436
28.1	10.849565671866344
28.116666666666667	11.354213087808603
28.133333333333333	12.137358889444954
28.150000000000002	13.036483107631852
28.166666666666668	14.0122367397463
28.183333333333334	15.075904861251956
28.2	16.171457148045988
28.21666666666667	17.311727517275813
28.233333333333334	18.529931092127356
28.25	19.88116251353057
28.266666666666666	21.191095495597438
28.283333333333335	22.40122739733215
28.3	23.521809770271147
28.316666666666666	24.444901873883282
28.333333333333336	25.372229484006994
28.35	26.245176289650885
28.366666666666667	27.05825833213777
28.383333333333333	27.5806551436944
28.400000000000002	28.109277439850985
28.416666666666668	28.357998623044978
28.433333333333334	28.594116596538754
28.45	28.489972976993613
28.46666666666667	28.304619404619416
28.483333333333334	28.05538315130059
28.5	27.51441378950483
28.516666666666666	26.888756553889152
28.533333333333335	26.11520535255903
28.55	25.15341189190667
28.566666666666666	24.147595086861543
28.583333333333336	23.07071857221365
28.6	21.94375784293959
28.616666666666667	20.739474158067367
28.633333333333333	19.45148263370254
28.650000000000002	18.134524835978823
28.666666666666668	17.004337107111496
28.683333333333334	15.84904586937023
28.7	14.718447003860774
28.71666666666667	13.751454079139421
28.733333333333334	12.891717311603543
28.75	12.035557385202594
28.766666666666666	11.258195154099894
28.783333333333335	10.7228516370335
28.8	10.30772922623396
28.816666666666666	10.093281548893458
28.833333333333336	10.104122088319968
28.85	10.217490583064205
28.866666666666667	10.428775832905956
28.883333333333333	11.023440448989788
28.900000000000002	11.599133847301744
28.916666666666668	12.225389595330398
28.933333333333334	13.139597816879814
28.95	14.069894831752435
28.96666666666667	15.133679586392986
28.983333333333334	16.223651035065643
29.0	17.385171068484794
29.016666666666666	18.58112876412156
29.033333333333335	19.963485760600634
29.05	21.247008528734227
29.066666666666666	22.40325409717252
29.083333333333336	23.637933367157416
29.1	24.950183138416946
29.116666666666667	26.03055481654411
29.133333333333333	26.98240862657667
29.150000000000002	27.692740741329033
29.166666666666668	28.320992979767425
29.183333333333334	28.816645203803944
29.2	29.13009997475865
29.21666666666667	29.256463159421003
29.233333333333334	29.23112441171878
29.25	29.050848011782023
29.266666666666666	28.774214830599476
29.283333333333335	28.283011081872928
29.3	27.503796666487005
29.316666666666666	26.475179063027667
29.333333333333336	25.381832610437414
29.35	24.240834071625386
29.366666666666667	23.012684995735697
29.383333333333333	21.78821871161074
29.400000000000002	20.555292510194477
29.416666666666668	19.24270399768102
29.433333333333334	18.017661758326028
29.45	16.79977902928033
29.46666666666667	15.604011840560702
29.483333333333334	14.389162435845037
29.5	13.28528619761164
29.516666666666666	12.245107605731619
29.533333333333335	11.434791210500748
29.55	10.854581526349705
29.566666666666666	10.311289625087625
29.583333333333336	10.051529547484677
29.6	9.944992497642488
29.616666666666667	9.972716196883312
29.633333333333333	10.148836248070666
29.650000000000002	10.375922279358747
29.666666666666668	10.985538438600372
29.683333333333334	11.67394241315651
29.7	12.468271020327961
29.71666666666667	13.316873897253231
29.733333333333334	14.283343385147191
29.75	15.321835855338009
29.766666666666666	16.440804474507217
29.783333333333335	17.71594882272234
29.8	19.07910440641041
29.816666666666666	20.301604497923677
29.833333333333336	21.538380438727188
29.85	22.746961773659905
29.866666666666667	24.061127138716813
29.883333333333333	25.161579630981123
29.900000000000002	26.134835898179972
29.916666666666668	27.00918859390532
29.933333333333334	27.717451890348116
29.95	28.332975173854493
29.96666666666667	28.638797467488416
29.983333333333334	29.098273946452878
30.0	29.145744999174553
30.016666666666666	29.088731690868258
30.033333333333335	28.893648576177497
30.05	28.43670965594322
30.066666666666666	27.83240942524941
30.083333333333336	27.144839097645786
30.1	26.198717948786225
30.116666666666667	25.215361331284612
30.133333333333333	24.174864731618527
30.150000000000002	22.99571050510275
30.166666666666668	21.823266896781774
30.183333333333334	20.680095865984526
30.2	19.40113030446514
30.21666666666667	18.07151127281668
30.233333333333334	16.8789448482911
30.25	15.777131734266618
30.266666666666666	14.793231517412096
30.283333333333335	13.908920497404551
30.3	13.028793196371339
30.316666666666666	12.252731681722253
30.333333333333336	11.674376811238176
30.35	11.208857385710303
30.366666666666667	10.894329181452122
30.383333333333333	10.743385743345243
30.400000000000002	10.840860316081034
30.416666666666668	11.072069007536925
30.433333333333334	11.346489865825447
30.45	11.903175861199088
30.46666666666667	12.52085842909787
30.483333333333334	13.209719181921514
30.5	14.130505575877123
30.516666666666666	15.09848175061046
30.533333333333335	16.139539469561043
30.55	17.30246568891903
30.566666666666666	18.480477079719662
30.583333333333336	19.80945595731322
30.6	21.1301324519153
30.616666666666667	22.33220738251771
30.633333333333333	23.56235904184723
30.650000000000002	24.525683840494708
30.666666666666668	25.416269030923218
30.683333333333334	26.24753792097556
30.7	26.999320423393783
30.71666666666667	27.731196955278392
30.733333333333334	28.404569131419976
30.75	28.847293786966816
30.766666666666666	29.14040500658473
30.783333333333335	29.32241191717833
30.8	29.17086100584902
30.816666666666666	28.93548355419199
30.833333333333336	28.508213055214014
30.85	27.809779926662827
30.866666666666667	27.071201293675813
30.883333333333333	26.168535568858715
30.900000000000002	25.147731705827937
30.916666666666668	24.128356402371423
30.933333333333334	23.010115609077616
30.95	21.861767345243834
30.96666666666667	20.663967816583522
30.983333333333334	19.42793526656442
31.0	18.088491292157755
31.016666666666666	16.856002605111485
31.033333333333335	15.737362859835855
31.05	14.685658817620947
31.066666666666666	13.78225528833957
31.083333333333336	12.940612972726512
31.1	12.168499955721359
31.116666666666667	11.536467747402696
31.133333333333333	11.019117371118455
31.150000000000002	10.767736599523914
31.166666666666668	10.645779543399101
31.183333333333334	10.842111829441706
31.2	11.076746222757492
31.21666666666667	11.388732604911752
31.233333333333334	11.964642766392558
31.25	12.678527588146608
31.266666666666666	13.50483637718736
31.283333333333335	14.353954497176915
31.3	15.274194900625162
31.316666666666666	16.29412721672196
31.333333333333336	17.435426543914332
31.35	18.616395510060897
31.366666666666667	19.770915613000284
31.383333333333333	21.164671773814803
31.400000000000002	22.376272783154036
31.416666666666668	23.54915466410182
31.433333333333334	24.699684877911068
31.45	25.849991448492233
31.46666666666667	26.736356933937145
31.483333333333334	27.57035640660206
31.5	28.119635180522835
31.516666666666666	28.600467416902575
31.533333333333335	28.920604993440975
31.55	29.143282386926785
31.566666666666666	29.259673429455688
31.583333333333336	29.12911382138236
31.6	28.94796021497291
31.616666666666667	28.399414065277426
31.633333333333333	27.856567051091076
31.650000000000002	27.067885317396986
31.666666666666668	26.089901633069132
31.683333333333334	25.113609203733063
31.7	24.000202150140694
31.71666666666667	22.878538958487297
31.733333333333334	21.68816715981012
31.75	20.437771344766645
31.766666666666666	19.135511475152498
31.783333333333335	17.968958240998347
31.8	16.750264189759946
31.816666666666666	15.615135103791204
31.833333333333336	14.402526220491609
31.85	13.298133638233708
31.866666666666667	12.40322741151499
31.883333333333333	11.631232668236578
31.900000000000002	11.185339663408854
31.916666666666668	10.695867144456543
31.933333333333334	10.462619621745489
31.95	10.302307684066363
31.966666666666665	10.28544736876836
31.98333333333333	10.504821878679081
32.00000000000001	10.991229863803028
32.016666666666666	11.469491245854442
32.03333333333334	12.218088387430385
32.05	13.10677252916014
32.06666666666667	14.083726661112905
32.08333333333333	15.12662762119487
32.099999999999994	16.15778072209031
32.116666666666674	17.29785104574296
32.13333333333333	18.397269786608035
32.150000000000006	19.587369570041176
32.16666666666667	20.695048968745198
32.18333333333333	22.089810292732636
32.2	23.20617921389777
32.21666666666666	24.23227840979422
32.233333333333334	25.278057505567403
32.25000000000001	26.211493438180923
32.266666666666666	27.06432149953332
32.28333333333334	27.861859311864293
32.3	28.400849480210468
32.31666666666667	28.774511711014384
32.33333333333333	29.125806032127457
32.349999999999994	29.115865956480604
32.366666666666674	28.97776261032999
32.38333333333333	28.723474665110757
32.400000000000006	28.222816253260874
32.41666666666667	27.698326303364638
32.43333333333333	27.02367304179336
32.45	26.126475917902383
32.46666666666666	25.170464702742265
32.483333333333334	24.13596507209695
32.50000000000001	22.9863366601636
32.516666666666666	21.781073088835512
32.53333333333334	20.348868906362952
32.55	18.993551530144828
32.56666666666667	17.703953939383666
32.58333333333333	16.461147118641748
32.599999999999994	15.2113328339708
32.616666666666674	14.200417988984896
32.63333333333333	13.296504761228505
32.650000000000006	12.43726279821135
32.66666666666667	11.7345419582158
32.68333333333333	11.235514126650344
32.699999999999996	10.727611508334064
32.71666666666667	10.453636463770522
32.733333333333334	10.236853723210857
32.75000000000001	10.233250283644338
32.766666666666666	10.384442339523503
32.78333333333333	10.934785182401924
32.8	11.434904532121607
32.81666666666666	12.177799338486636
32.83333333333333	13.128062974297563
32.849999999999994	14.091662565050001
32.86666666666667	15.149167675151375
32.88333333333333	16.25925353700279
32.9	17.392190498219634
32.916666666666664	18.571516650167723
32.93333333333333	19.859943169527355
32.949999999999996	21.102918729603857
32.96666666666666	22.284507188789917
32.98333333333333	23.423954235612996
33.0	24.401066722896758
33.016666666666666	25.358082592311575
33.03333333333333	26.28664708155719
33.05	27.075696490766234
33.06666666666666	27.7570987654629
33.08333333333333	28.33284990604318
33.099999999999994	28.507771933181687
33.11666666666667	28.627480148805205
33.13333333333333	28.520533342481656
33.15	28.242629812098585
33.166666666666664	27.98550595118786
33.18333333333333	27.410951636984635
33.199999999999996	26.754370370102436
33.21666666666666	26.090524918791516
33.23333333333333	25.16886575070953
33.25	24.16386751033633
33.266666666666666	23.140769494716892
33.28333333333333	22.031798380372948
33.3	20.927146409571492
33.31666666666666	19.714388639961612
33.33333333333333	18.544333573596134
33.349999999999994	17.225376161722124
33.36666666666667	16.0949803249556
33.38333333333333	14.988300412240164
33.4	13.976136496547667
33.416666666666664	13.047227772948133
33.43333333333333	12.217612491999489
33.449999999999996	11.447331743276095
33.46666666666666	10.99821092344422
33.48333333333333	10.76366705488283
33.5	10.530024226358819
33.516666666666666	10.354424414991854
33.53333333333333	10.391300718448406
33.55	10.574163499128872
33.56666666666666	10.896075050699551
33.58333333333333	11.348886357550327
33.599999999999994	12.028497475798304
33.61666666666667	12.848578337156141
33.63333333333333	13.99528575065301
33.65	15.0812579277964
33.666666666666664	16.252581105372883
33.68333333333333	17.464615438952933
33.699999999999996	18.664475618938695
33.71666666666666	20.038202239632938
33.73333333333333	21.240098382637598
33.75	22.317716300544134
33.766666666666666	23.31830119890202
33.78333333333333	24.345216955135072
33.8	25.262981507035192
33.81666666666666	26.181084496849166
33.83333333333333	27.019995077695853
33.849999999999994	27.61805312599779
33.86666666666667	28.148800903791084
33.88333333333333	28.419760977003648
33.9	28.487600161153864
33.916666666666664	28.392849649831703
33.93333333333333	28.204192676996286
33.949999999999996	27.85395290647648
33.96666666666666	27.332561529329155
33.98333333333333	26.5834021980765
34.0	25.846244528321847
34.016666666666666	25.07096690789433
34.03333333333333	24.116470049761688
34.05	23.102270576076876
34.06666666666666	22.01830794298337
34.08333333333333	20.938624861339235
34.099999999999994	19.751181432351302
34.11666666666667	18.76066470431215
34.13333333333333	17.513201723729367
34.15	16.24581486451177
34.166666666666664	15.192047305278038
34.18333333333333	14.077610488274274
34.199999999999996	13.102196483917169
34.21666666666666	12.263193378550625
34.23333333333333	11.440628395071258
34.25	10.980842494425417
34.266666666666666	10.635987184254589
34.28333333333333	10.498486403712377
34.3	10.33850236089495
34.31666666666666	10.481108087428197
34.33333333333333	10.707114459984837
34.349999999999994	11.127749199574396
34.36666666666667	11.558880384048507
34.38333333333333	12.181060463018014
34.4	13.001111242804768
34.416666666666664	13.981972789176325
34.43333333333333	15.075140503492719
34.449999999999996	16.15232821614859
34.46666666666666	17.33935199738835
34.48333333333333	18.582518764444046
34.5	19.863132374860356
34.516666666666666	21.150820656340784
34.53333333333333	22.336795656925688
34.55	23.40550646256321
34.56666666666666	24.369958026277914
34.58333333333333	25.28896273823881
34.599999999999994	26.094907618754235
34.61666666666667	26.8415389771107
34.63333333333333	27.401723584041065
34.65	27.86636428490681
34.666666666666664	28.244985896328217
34.68333333333333	28.432185884705632
34.699999999999996	28.387249686098016
34.71666666666666	28.30990260340286
34.73333333333333	28.085916273899443
34.75	27.483408557434075
34.766666666666666	26.950875579926105
34.78333333333333	26.156253380284852
34.8	25.148936699507544
34.81666666666666	24.13601241075969
34.83333333333333	23.077114975344784
34.849999999999994	22.01154396959845
34.86666666666667	20.847841607366888
34.88333333333333	19.645026127200822
34.9	18.501093432823723
34.916666666666664	17.269535851250055
34.93333333333333	16.168817440776706
34.949999999999996	15.10138690426129
34.96666666666666	14.111936041044714
34.98333333333333	13.199277653779063
35.0	12.383403375864532
35.016666666666666	11.872795894738942
35.03333333333333	11.250395687906405
35.05	10.791933888186804
