mass_A
t	x
0.0	71.57717629846383
0.05000000000000002	52.48625160910751
0.09999999999999999	31.79516817121805
0.15	10.41854197966586
0.2	-11.359077276015341
0.25	-33.11034734882412
0.3	-54.11792542802084
0.35000000000000003	-73.47250399869534
0.4	-90.5127801586338
0.45000000000000007	-105.3455658698017
0.5000000000000001	-117.52032099190961
0.5499999999999999	-126.42772498696115
0.6	-131.54185401337742
0.6499999999999999	-133.39212938769856
0.7	-131.61972158392769
0.75	-126.41007138247073
0.7999999999999999	-118.18401504971126
0.85	-106.34948922655423
0.8999999999999999	-91.80615641456279
0.9499999999999998	-74.75365465862563
0.9999999999999999	-56.33341882304296
1.05	-36.057154083821615
1.1	-14.721012551966624
1.1500000000000001	6.694317989227557
1.2	27.666953698331838
1.25	47.84696592117564
1.3	66.6408484350003
1.35	83.62251266548878
1.4000000000000001	98.59475519280909
1.45	110.58241771725932
1.5	119.45505100633773
1.55	125.30704918265997
1.6	127.8877914927973
1.6500000000000001	126.74591966551486
1.7	121.89972995761468
1.75	113.83507295243567
1.8	102.76292323934194
1.85	88.75428938993286
1.9000000000000001	72.2897194604152
1.95	53.38389775546375
2.0000000000000004	33.172580027932895
2.05	11.876535178923291
2.0999999999999996	-9.954192894431912
2.15	-31.838365361263868
2.1999999999999997	-52.615946655742164
2.25	-71.91139988441785
2.3	-89.10627248319918
2.3499999999999996	-104.21888368958076
2.4	-116.70802492343512
2.4499999999999997	-125.41713245924552
2.5	-131.07553030862823
2.55	-133.22016974867307
2.5999999999999996	-131.81365936958758
2.65	-126.72672176803309
2.6999999999999997	-118.2182653945082
2.75	-106.74043489335997
2.8	-92.30426166172674
2.8499999999999996	-75.98134269940988
2.9	-57.479002017285836
2.9499999999999997	-37.30346447383204
3.0	-16.189400888728187
3.05	5.270774540040918
3.0999999999999996	26.401620255404964
3.15	46.66349409852569
3.1999999999999997	65.76853756118771
3.25	82.87464473356158
3.3	97.75684376775621
3.3499999999999996	109.78264847625826
3.4	118.79636826713534
3.4499999999999997	124.94832295636957
3.5	127.59283788483015
3.55	126.55934476672132
3.5999999999999996	122.03897580002513
3.65	114.19871585551255
3.6999999999999997	103.49454879853215
3.75	89.59593205829333
3.8	72.97179503131338
3.8499999999999996	54.392414621579974
3.9	34.36492366236013
3.9499999999999997	13.233548349526814
3.9999999999999996	-8.56701123081541
4.05	-30.32055974836885
4.1000000000000005	-51.16546907433923
4.15	-70.47255853938248
4.2	-88.03176931073915
4.25	-103.32490487389674
4.3	-115.81453267664892
4.3500000000000005	-124.66632246089489
4.4	-130.33891118384503
4.45	-132.80259206148162
4.5	-131.6296237696713
4.55	-126.62845101763475
4.6000000000000005	-118.22869939313313
4.65	-107.20076661889686
4.7	-93.13487067257017
4.75	-76.83493657968995
4.8	-58.262243452667576
4.8500000000000005	-38.26387274925855
4.9	-17.204359097395468
4.95	4.058062445967948
5.0	24.941922512640303
5.05	45.430294710309
5.1000000000000005	64.6673996889474
5.15	81.77723695537964
5.2	96.65402376472298
5.25	108.99507314953576
5.3	118.39017352577025
5.3500000000000005	124.63946702516319
5.4	127.41042570294621
5.45	126.59796439456454
5.5	122.32217908042878
5.55	114.80443050595886
5.6000000000000005	104.13266217066052
5.65	90.30818497860491
5.7	73.91228325491943
5.75	55.62367986817094
5.8	35.53267195987701
5.8500000000000005	14.214620627423415
5.9	-7.5862545282352585
5.95	-29.26120842362559
6.0	-50.007416310618964
6.05	-69.5314933648005
6.1000000000000005	-87.21343376053932
6.15	-102.55275665686901
6.2	-115.02900341185227
6.25	-124.55803300552446
6.3	-130.38655873197803
6.3500000000000005	-132.9715371219687
6.4	-132.0241492871545
6.45	-127.37993323672174
6.5	-119.29551193612582
6.55	-108.53582070754078
6.6000000000000005	-94.46087825661033
6.65	-78.1977961654751
6.7	-59.62991873035742
6.75	-39.76168542427564
6.8	-18.705315157443124
6.8500000000000005	2.6213963919593084
6.9	23.806077068392938
6.95	44.34599312043872
7.0	63.4725816652242
7.05	80.59843398407224
7.1000000000000005	95.67916525508554
7.15	108.33648610111743
7.2	117.73584333490294
7.25	123.92959056868881
7.3	126.73171057837862
7.3500000000000005	126.20288948552252
7.4	122.22731079070536
7.45	114.79183986037401
7.5	104.17812311044781
7.55	90.57719740128357
7.6000000000000005	74.47881448835028
7.65	56.17820619683857
7.7	36.16886651734376
7.75	14.968635681559817
7.8	-6.729998355826751
7.8500000000000005	-28.277797896706943
7.9	-49.07265705526879
7.95	-68.75529874175663
8.000000000000002	-86.4349823742483
8.05	-101.65344288780739
8.100000000000001	-114.30616653937756
8.149999999999999	-123.7251000883931
8.2	-129.90970628038275
8.25	-132.50346505265327
8.299999999999999	-131.58787381422633
8.35	-127.18578240584043
8.399999999999999	-119.47594311875196
8.45	-108.60421498179466
8.5	-94.74245245609268
8.549999999999999	-78.55812082771746
8.6	-60.32598341470526
8.649999999999999	-40.53360838555818
8.7	-19.71269578557917
8.75	1.603988890523567
8.799999999999999	22.74058143763773
8.85	42.99649334459593
8.899999999999999	61.89560116431585
8.95	79.29408758094428
9.0	94.53491958201334
9.049999999999999	107.23346470422052
9.1	116.79310763845899
9.149999999999999	123.29055510960859
9.2	126.39998569617762
9.25	126.05327965961635
9.299999999999999	122.01624932067773
9.35	114.48044796689214
9.399999999999999	104.08672725041629
9.45	90.75742727739066
9.5	74.63217672902147
9.549999999999999	56.4734146488488
9.6	36.58635054448018
9.649999999999999	15.487579385444747
9.7	-6.019888929552394
9.75	-27.54413292168408
9.799999999999999	-48.44697646654339
9.85	-68.01693188717047
9.899999999999999	-85.6499623565067
9.95	-101.03445409847006
10.0	-114.10545422187613
10.049999999999999	-123.77360699314579
10.1	-130.10231039181838
10.149999999999999	-133.12917149237524
10.2	-132.53703405805936
10.25	-128.40248270768825
10.299999999999999	-120.81122440257195
10.35	-110.1189374290501
10.399999999999999	-96.41479349963396
10.45	-80.59715669024206
10.5	-62.41596841922768
10.549999999999999	-42.683629016207306
10.6	-22.07139258890743
10.649999999999999	-0.895701620829243
10.7	20.395130845540564
10.75	40.64674335112733
10.799999999999999	59.8088302049523
10.85	77.33495404489645
10.899999999999999	92.61652379331008
10.95	105.33802626115698
11.0	115.16596674242669
11.049999999999999	121.8978608190713
11.1	125.23579711476782
11.149999999999999	125.14229905977413
11.2	121.50206734984272
11.25	114.43425231831543
11.299999999999999	104.30772150608527
11.35	91.3147274276098
11.399999999999999	75.4176614975438
11.45	57.340259326089836
11.5	37.823272920952036
11.549999999999999	16.83519652415606
11.6	-4.922762297414465
11.649999999999999	-26.27971252441955
11.7	-46.99001267829436
11.75	-66.93220216116532
11.799999999999999	-84.80846293359463
11.85	-100.30034351260508
11.899999999999999	-113.23925055087221
11.95	-123.22935649160218
12.0	-129.66736677194166
12.049999999999999	-132.63959858550777
12.1	-132.27082085994175
12.149999999999999	-128.3770718015735
12.2	-121.00131522864962
12.25	-110.46614030167223
12.299999999999999	-97.19872288188662
12.35	-81.33807572080457
12.399999999999999	-63.42765580416108
12.45	-43.929271373176675
12.5	-23.511532071904867
12.549999999999999	-2.3468066624636776
12.6	18.62671641661234
12.649999999999999	39.073665252916726
12.7	58.253342423881236
12.75	75.78152000023783
12.799999999999999	90.94588897489507
12.85	103.72989505995997
12.899999999999999	113.74598434338282
12.95	120.58376752185814
13.0	124.02609573236771
13.049999999999999	123.91903223310965
13.1	120.4396925675569
13.149999999999999	113.65274123665426
13.2	103.60365884203532
13.25	90.59160246497925
13.299999999999999	74.96860889087247
13.35	57.17238516622899
13.399999999999999	37.600476364238375
13.45	16.768037493008137
13.5	-4.685989200893573
13.549999999999999	-26.12850779268149
13.6	-47.01980524995082
13.649999999999999	-66.6806439929544
13.7	-84.46451496577424
13.75	-100.2518232780057
13.799999999999999	-113.18918806121314
13.85	-123.27382775351975
13.899999999999999	-130.10584296964856
13.95	-133.40990303509017
14.0	-133.24757804120839
14.049999999999999	-129.46013549840546
14.1	-122.13452407663965
14.149999999999999	-111.67541461442823
14.2	-98.66703738840079
14.25	-82.79458410364191
14.299999999999999	-65.01922163519828
14.35	-45.66780068834191
14.399999999999999	-25.00727962421331
14.45	-4.126575861142783
14.5	16.773387224872977
14.549999999999999	37.30940358027641
14.6	56.68554947508983
14.649999999999999	74.12596618905025
14.7	89.59755124051924
14.75	102.69870676436813
14.799999999999999	112.82729018223267
14.85	119.73936788339483
14.899999999999999	123.4540121152304
14.95	123.70311448400741
15.0	120.48939652282115
15.049999999999999	113.88379348466606
15.1	104.04437392189004
15.149999999999999	91.02379409162859
15.2	75.58308118021569
15.25	58.09130338930254
15.299999999999999	38.64874201048906
15.35	17.86562765499417
15.399999999999999	-3.359197182822072
15.45	-24.881443686724765
15.5	-45.59263622845924
15.549999999999999	-65.21783843770305
15.6	-83.22961586441028
15.649999999999999	-99.24692625627733
15.7	-112.27849728543464
15.75	-122.65125839095367
15.799999999999999	-129.61754677735718
15.85	-132.63886836118337
15.899999999999999	-132.47035972770334
15.949999999999998	-129.32586178269844
15.999999999999998	-122.33463888076386
16.049999999999997	-112.07273076883848
16.1	-99.29755406688207
16.15	-83.6504373142464
16.2	-65.95944338091158
16.249999999999996	-46.61640103381296
16.299999999999997	-26.15880592309668
16.349999999999998	-5.1907151415608155
16.400000000000002	15.829005610580339
16.45	36.23813573546579
16.5	55.58456830585578
16.55	73.3050128660368
16.6	88.75379491633817
16.650000000000002	101.80144119113493
16.7	112.12140590068441
16.75	119.4023669804302
16.8	123.3761367335245
16.85	123.74801035750761
16.900000000000002	120.6820964124098
16.95	114.27889584530294
17.0	104.56972509014099
17.05	92.12917872896355
17.1	76.81300040583801
17.150000000000002	59.319712891663585
17.2	40.05438037299723
17.25	19.43291161796958
17.3	-1.966949925954168
17.35	-23.39582743396619
17.400000000000002	-44.20205490168985
17.45	-63.9908232596016
17.5	-82.27740282542254
17.55	-98.14986066387365
17.6	-111.53292044810848
17.650000000000002	-121.69731792826622
17.7	-128.81347118355058
17.75	-132.3952864573273
17.8	-132.5524398138545
17.85	-129.1775187780505
17.900000000000002	-122.4129378301551
17.95	-112.37220072688052
18.0	-99.62152585545817
18.05	-84.17668683989211
18.1	-66.66617970181369
18.150000000000002	-47.40074288785604
18.2	-27.119655300724958
18.25	-6.282125651785577
18.3	14.713501607812987
18.35	35.18128896270946
18.400000000000002	54.59340647785234
18.45	72.30197293728997
18.5	87.92171387249937
18.55	101.10392010203554
18.6	111.63409310195698
18.650000000000002	118.82202873803567
18.7	122.74930208212857
18.75	123.3888391357641
18.8	120.60573583399923
18.85	114.41670180363349
18.900000000000002	104.75485788630158
18.95	92.46301731442827
19.0	77.42913551801371
19.05	59.96663454847055
19.1	40.69172240798616
19.150000000000002	20.28230684029637
19.2	-1.0564889691410144
19.25	-22.44000892937362
19.3	-43.22615704822749
19.35	-63.16795190296517
19.400000000000002	-81.37991605171908
19.45	-97.20981807056859
19.5	-110.68690685433717
19.55	-121.04918792734196
19.6	-128.40045258750877
19.650000000000002	-132.36278000192414
19.7	-132.7007323616333
19.75	-129.39559859174125
19.8	-122.77336645895326
19.85	-112.90725674038771
19.900000000000002	-100.19958119930357
19.95	-84.76920159948554
20.0	-67.49096927279675
20.05	-48.30968802410587
20.1	-28.00832312288594
20.150000000000002	-7.255495846031181
20.2	13.646591794434585
20.25	34.15335761615444
20.3	53.55251080093194
20.35	71.35645909458981
20.400000000000002	87.2517161121707
20.45	100.42896400354448
20.5	110.88257993680463
20.55	118.43092010136058
20.6	122.55260568623055
20.650000000000002	123.34218195308176
20.7	120.67142507329936
20.75	114.55463227301027
20.8	105.21387956534818
20.85	93.17109925396744
20.900000000000002	78.31236856560008
20.95	60.9458606392642
21.0	41.84967012182926
21.05	21.48997629846383
21.1	0.323271693824438
21.150000000000002	-20.89203484989156
21.2	-41.51559295113731
21.25	-61.388967651231894
21.3	-79.52482473902512
21.35	-95.4547014503608
21.400000000000002	-109.07409107684282
21.45	-119.7622424978681
21.5	-127.06231598104415
21.55	-131.20012343557005
21.6	-131.83921063056022
21.650000000000002	-128.71449820789013
21.7	-122.2473764580447
21.75	-112.61477102770584
21.8	-100.17964994996021
21.85	-85.10352453516447
21.900000000000002	-67.80583921144807
21.95	-48.84430342408325
22.0	-28.538474537027753
22.05	-7.5465599828664836
22.1	13.45946549390652
22.150000000000002	33.78807261339688
22.2	53.320849886488645
22.25	71.23366325536153
22.3	86.94775077508427
22.35	100.27516628680314
22.400000000000002	111.0600290793443
22.45	118.4479293998686
22.5	122.77991156208714
22.55	123.72089648305086
22.6	121.13758798702509
22.650000000000002	115.37154148804427
22.7	106.38293295058781
22.75	94.39282458325329
22.8	79.545899107438
22.85	62.517706668152414
22.900000000000002	43.642096524704925
22.95	23.273417868202046
23.0	2.3716060290598193
23.05	-18.843834051159433
23.1	-39.53103351531047
23.150000000000002	-59.40459937364858
23.2	-77.48133047099077
23.25	-93.46509086745141
23.3	-107.27173317939241
23.35	-117.96673324622645
23.400000000000002	-125.52650492787046
23.45	-129.58163236545568
23.5	-130.20377067976517
23.55	-127.48795269326712
23.6	-121.3028085936511
23.650000000000002	-111.87339892263628
23.7	-99.29523966414627
23.75	-84.40082210567851
23.8	-67.34683298779032
23.85	-48.38438740867798
23.900000000000002	-28.32119753435279
23.95	-7.5573574851594
24.0	13.384306941562272
24.05	33.7478144027956
24.1	53.19904901979339
24.150000000000002	70.86755123304647
24.2	86.75530523753946
24.25	100.39220648892694
24.3	110.9260488492132
24.35	118.6342197175154
24.400000000000002	123.02044145541777
24.45	124.12281804095187
24.5	121.77545116174372
24.55	116.07398495253346
24.6	107.08456422390873
24.650000000000002	95.35024983070252
24.7	80.65269705124479
24.75	63.70168379787185
24.8	44.85418495821034
24.85	24.578531415900954
24.900000000000002	3.5364674140007537
24.95	-17.714800339705278
25.0	-38.47364542007648
25.05	-58.39894681087469
25.1	-76.61157390467764
25.150000000000002	-92.84601066617392
25.2	-106.45428455932608
25.25	-117.3906076636951
25.3	-125.21047580825746
25.35	-129.53505760724147
25.400000000000002	-130.440634526133
25.45	-127.79841971562848
25.5	-121.6699294432405
25.55	-112.35277788330461
25.6	-100.19097374740659
25.650000000000002	-85.45496507787709
25.7	-68.4066443719712
25.75	-49.60177030880959
25.8	-29.62655583214405
25.85	-8.770824453751686
25.900000000000002	12.011147433541964
25.95	32.43345498363374
26.0	51.77506641273965
26.05	69.65625391120943
26.1	85.50570085830941
26.150000000000002	99.21956041445537
26.2	110.11763337188177
26.25	118.06558438368552
26.3	122.64196055047546
26.35	123.84444378590456
26.400000000000002	121.65575069775002
26.45	116.16096144870585
26.5	107.53596721112672
26.55	95.7073236281351
26.6	81.3790453093045
26.650000000000002	64.57519198184696
26.7	45.84674982430704
26.75	25.71696961650548
26.8	4.745040246013332
26.85	-16.506976648081945
26.900000000000002	-37.34210577027318
26.95	-57.124365038211295
27.0	-75.53877490237005
27.05	-91.77819735777103
27.1	-105.65149637631089
27.150000000000002	-116.52252690013484
27.2	-124.44626161627843
27.25	-128.99297368219482
27.3	-130.2512049575895
27.35	-127.84264410398146
27.400000000000002	-121.90872732616765
27.45	-112.70195006106422
27.5	-100.7457667579626
27.55	-86.0938702726259
27.6	-69.32532434056418
27.650000000000002	-50.64052965846224
27.7	-30.665863728200407
27.75	-10.007595715657772
27.8	10.683114069432463
27.85	31.223689474460343
27.900000000000002	50.72672633666889
27.95	68.71800901933955
28.0	84.6085308954681
28.05	98.40810710939718
28.1	109.49534587762003
28.150000000000002	117.54582103086261
28.2	122.34298794909012
28.25	123.79352000082031
28.3	121.84468828543527
28.35	116.52113905120609
28.400000000000002	108.00360663537481
28.45	96.43329800989488
28.5	82.18907474431876
28.55	65.60849930296354
28.6	47.129161261504464
28.650000000000002	27.27450679433514
28.7	6.4791313601547245
28.75	-14.618638724843663
28.8	-35.449703970650376
28.85	-55.44089030944451
28.900000000000002	-73.73068873458726
28.95	-89.9485670761025
29.0	-104.21449298732529
29.05	-115.3971138240284
29.1	-123.42849403443756
29.150000000000002	-128.30791387066165
29.2	-129.57314797530444
29.25	-127.25169419850391
29.3	-121.72064074130128
29.35	-112.68959919252802
29.400000000000002	-100.89174818982508
29.45	-86.32689521399868
29.5	-69.77168223703592
29.55	-51.08599549097562
29.6	-31.323990565234226
29.650000000000002	-10.827067257702879
29.7	10.06698349834619
29.75	30.458575751740227
29.8	49.74918619132961
29.85	67.8133200501519
29.900000000000002	83.690307810494
29.95	97.61731914984944
30.0	108.70320194947283
30.05	116.76227106436363
30.1	121.66827253148551
30.150000000000002	123.29715267585334
30.2	121.66875090103304
30.25	116.59359545468658
30.3	108.23237420003193
30.35	96.9891514442354
30.400000000000002	82.8111713497567
30.45	66.4910272660511
30.5	48.0363657656668
30.55	28.23938166073242
30.6	7.532999930256551
30.650000000000002	-13.501004840070038
30.7	-34.325046292903835
30.75	-54.343619101049455
30.8	-72.61030505931353
30.85	-89.13991614134375
30.900000000000002	-103.23459060970401
30.95	-114.7235807026201
31.0	-122.86497380453784
31.05	-127.58245150926439
31.1	-128.98451869622386
31.150000000000002	-127.2487126213008
31.2	-121.78517790898275
31.25	-112.96180770487922
31.3	-101.52620058377164
31.35	-87.2062750244827
31.400000000000002	-70.67146006016378
31.45	-52.36443761904059
31.5	-32.556018525449815
31.55	-11.971256016327516
31.6	8.594414949568431
31.650000000000002	28.940680401197028
31.7	48.50632908546095
31.75	66.76858895439591
31.8	82.8025585475433
31.85	96.58527910804878
31.900000000000002	107.87450077666688
31.95	116.25831223731416
32.00000000000001	121.53980050022221
32.05	123.27957262879534
32.099999999999994	121.64616152160897
32.150000000000006	116.84985210250898
32.2	108.73208869310179
32.25000000000001	97.49927259465903
32.3	83.46425299992325
32.349999999999994	67.23642658627523
32.400000000000006	49.04843709664817
32.45	29.310205584147354
32.50000000000001	8.507609008874624
32.55	-12.709740694255629
32.599999999999994	-33.381887342029245
32.650000000000006	-53.12390435429177
32.699999999999996	-71.81106233850903
32.75000000000001	-88.26402984282578
32.8	-102.59079456610186
32.849999999999994	-113.71486939721603
32.9	-122.04243284689778
32.949999999999996	-127.38299487568565
33.0	-129.1949931276257
33.05	-127.33305164111499
33.099999999999994	-121.9897547723541
33.15	-113.53582324331205
33.199999999999996	-102.35364641991168
33.25	-88.21300830667207
33.3	-71.78801008088959
33.349999999999994	-53.279710247004004
33.4	-33.67250863641743
33.449999999999996	-13.265447383422384
33.5	7.504177006855798
33.55	27.960280933824833
33.599999999999994	47.38774436721701
33.65	65.44367926111522
33.699999999999996	81.75683841879595
33.75	95.79942296429249
33.8	107.3709596667004
33.849999999999994	115.73802018347499
33.9	120.82692401034205
33.949999999999996	122.86991229216392
34.0	121.63764000154424
34.05	116.75141238156698
34.099999999999994	108.67553997503205
34.15	97.72091863164712
34.199999999999996	84.10407035045819
34.25	68.01448414338881
34.3	49.70676730972491
34.349999999999994	30.04098515299654
34.4	9.517530177074377
34.449999999999996	-11.42228004018051
34.5	-32.24782687268441
34.55	-52.34558449872475
34.599999999999994	-70.70913308145202
34.65	-87.40002938373243
34.699999999999996	-101.58665617875943
34.75	-113.31450079275822
34.8	-121.49720277526103
34.849999999999994	-126.71836883399453
34.9	-128.53253804315227
34.949999999999996	-126.93228481761639
35.0	-121.94313685007421
35.05	-113.54675237623496
35.099999999999994	-102.56085676275393
35.15	-88.51630439755166
35.199999999999996	-72.42764358709172
35.25	-54.18181145556247
35.3	-34.65239955763013
35.349999999999994	-14.4647903883332
35.4	6.2372560754248525
35.449999999999996	26.72677147827926
35.5	46.339388224541835
35.55	64.45975678833747
35.599999999999994	80.62639558751857
35.65	94.87856776345006
35.699999999999996	106.53961566053135
35.75	114.8845363328387
35.8	120.2986129170879
35.849999999999994	122.5790782137824
35.9	121.59180864526888
35.949999999999996	116.89690456643484
36.0	108.85896051715815
36.05	98.21555191100538
36.099999999999994	84.76391214205069
36.15	68.97148944884611
36.199999999999996	50.76363684282501
36.25	31.13812140582877
36.3	10.72489046724047
36.349999999999994	-10.23731849320285
36.4	-31.124678800580114
36.449999999999996	-51.23688695486038
36.5	-69.75373194671795
36.55	-86.50120766825898
36.599999999999994	-100.7246778762435
36.65	-112.54957870507667
36.699999999999996	-121.261247259431
36.75	-126.4334224929251
36.8	-128.4035461594637
36.849999999999994	-126.93007970834037
36.9	-122.32697166027594
36.949999999999996	-114.4595224051389
37.0	-103.32203005623404
37.05	-89.41183466042526
37.099999999999994	-73.49424672913665
37.15	-55.50440476851941
37.199999999999996	-36.15566178579326
37.25	-15.897602754859179
37.3	4.8527072609423385
37.349999999999994	25.14288544234239
37.4	44.76199530410952
37.449999999999996	62.96380950332775
37.5	79.3928033132288
37.55	93.64513729068995
37.599999999999994	105.3297080464107
37.65	114.04652178441427
37.699999999999996	119.67582869027808
37.75	122.0712116842169
37.8	120.86882198781655
37.849999999999994	116.54040125644337
37.9	108.93138361537513
37.949999999999996	98.3474034216407
38.0	84.88557130992376
38.05	68.96267287369642
38.099999999999994	51.122097740512004
38.15	31.744202523772287
38.199999999999996	11.297337553038233
38.25	-9.593038561095
38.3	-30.358036799767433
38.349999999999994	-50.31855885024311
38.4	-69.03868505482137
38.449999999999996	-85.78271472078688
38.5	-100.39162596163743
38.55	-112.12335192183258
38.599999999999994	-121.13736410758429
38.65	-126.77399331189076
38.699999999999996	-129.07324039732202
38.75	-127.91084517503771
38.8	-123.19369415363224
38.849999999999994	-115.26606755322217
38.9	-104.5007216168367
38.949999999999996	-90.74082424459016
39.0	-74.62164702697635
39.05	-56.8139950699678
39.099999999999994	-37.3372418903071
39.15	-17.138201090234247
39.199999999999996	3.353050569836114
39.25	23.710546491971513
39.3	43.3199570017083
39.349999999999994	61.63318010031412
39.4	78.0585138530646
39.449999999999996	92.19895967142793
39.5	103.98457974143912
39.55	112.85040297959176
39.599999999999994	118.61166885247951
39.65	121.11662766762265
39.699999999999996	120.4103939398633
39.75	116.37925021281126
39.8	109.03357443498294
39.849999999999994	98.52769895883375
39.9	85.41923308267815
39.949999999999996	69.64618287468022
40.0	51.90281960779055
40.05	32.618029527233944
40.099999999999994	12.246403100578277
40.15	-8.671054178193572
40.199999999999996	-29.2901622175508
40.25	-49.38048718683859
40.3	-68.25525205696727
40.349999999999994	-85.15730514569503
40.4	-99.86029151337061
40.449999999999996	-111.65392941623571
40.5	-120.6445263052263
40.55	-126.330630296236
40.599999999999994	-128.85899513451915
40.65	-127.60815132922562
40.699999999999996	-123.05916753567533
40.75	-115.45923370106118
40.8	-104.66988366647632
40.849999999999994	-91.22265266683667
40.9	-75.41776843994921
40.949999999999996	-57.86256038435624
41.0	-38.44185356615145
41.05	-18.36441208672551
41.099999999999994	2.1159213372088743
41.15	22.574013574099467
41.199999999999996	42.25951460449767
41.25	60.582738005767965
41.3	76.93209690579602
41.349999999999994	91.35451086359194
41.4	103.36462464557121
41.449999999999996	112.45406754395003
41.5	118.44184422441253
41.55	121.15141136044599
41.599999999999994	120.58683492984733
41.65	116.61358425660353
41.699999999999996	109.40724341899033
41.75	99.07998199741542
41.8	86.15449138693111
41.849999999999994	70.64926493679013
41.9	53.07369868546289
41.949999999999996	33.82048007648427
42.0	13.461924524109861
42.05	-7.2952987539242145
42.099999999999994	-27.99560865941055
42.15	-48.24070300392998
42.199999999999996	-67.09277553587833
42.25	-84.11120555593106
42.3	-99.03065980345815
42.349999999999994	-111.21430909976459
42.4	-120.5017065552604
42.449999999999996	-126.43989050605478
42.5	-128.97939149548836
42.55	-128.24509951462153
42.599999999999994	-124.0517335480672
42.65	-116.53038523285022
42.699999999999996	-106.15678555515177
42.75	-92.64804967396407
42.8	-77.1707607030055
42.849999999999994	-59.46926057620158
42.9	-40.23356728971294
42.949999999999996	-20.21433496848124
43.0	0.18383642569432368
43.05	20.648307159522574
43.099999999999994	40.20421264918889
43.15	58.6081622208726
43.199999999999996	75.35187510175149
43.25	89.8308216633294
43.3	101.69208555238788
43.349999999999994	110.8615350457967
43.4	116.93331943004114
43.449999999999996	119.63980967370208
43.5	119.33332291962188
43.55	115.56853873748162
43.599999999999994	108.53398084153844
43.65	98.53766209037371
43.699999999999996	85.70178825621792
43.75	70.37926332111329
43.8	53.01153723756488
43.849999999999994	33.861690028031774
43.9	13.585537195044822
43.949999999999996	-7.282702971400454
44.0	-28.027737409805013
44.05	-48.03698955979894
44.099999999999994	-67.16166511930214
44.15	-84.05325580997697
44.199999999999996	-99.1542459585977
44.25	-111.30754497128532
44.3	-120.7244927894921
44.349999999999994	-126.74783277180325
44.4	-129.46299487882175
44.449999999999996	-128.7555751786639
44.5	-124.49917684914851
44.55	-117.17520779618798
44.599999999999994	-107.11416457584039
44.65	-93.86776300567942
44.699999999999996	-78.3492420519849
44.75	-60.87949442074205
44.8	-41.662653379824064
44.849999999999994	-21.509212484605314
44.9	-1.2651514397700225
44.949999999999996	18.99622923102538
45.0	38.55340057001763
45.05	56.96484117183263
45.099999999999994	73.63422957086118
45.15	88.31962298712506
45.199999999999996	100.52673970430283
45.25	109.85301999597368
45.3	116.21580557457446
45.349999999999994	119.38725520830963
45.4	119.12857621488672
45.449999999999996	115.68197968275831
45.5	108.82956113963223
45.55	98.81171366422552
45.599999999999994	86.28989336434188
45.65	71.19923771551657
45.699999999999996	53.69275047489714
45.75	34.8315844514799
45.8	14.68697352560099
45.849999999999994	-6.228135564921047
45.9	-26.916232918584683
45.949999999999996	-46.689040858225894
46.0	-65.66016175141647
46.05	-82.47507065728678
46.099999999999994	-97.41904066376253
46.15	-109.67722819702817
46.199999999999996	-119.20289708653337
46.25	-125.47377331672419
46.3	-128.51092928342138
46.349999999999994	-128.06847672903808
46.4	-124.11852976385217
46.449999999999996	-117.07571839467158
46.5	-107.26552727220133
46.55	-94.16546853108326
46.599999999999994	-78.69745041224513
46.65	-61.59624131777173
46.699999999999996	-42.531153698143385
46.75	-22.53013087063232
46.8	-2.3703351244976716
46.849999999999994	17.875992373350698
46.9	37.521725597819
46.949999999999996	55.89212919410397
47.0	72.60680635566769
47.05	87.32086886731963
47.099999999999994	99.6493770285897
47.15	109.18899040409065
47.199999999999996	115.78428614265056
47.25	118.9259419303512
47.3	118.71115563017759
47.349999999999994	115.46427515029131
47.4	108.75406671138273
47.449999999999996	98.95465565360394
47.5	86.47805971347543
47.55	71.43423773955465
47.599999999999994	54.22508446519328
47.65	35.51455145742415
47.699999999999996	15.520021794519778
47.75	-5.212802793344395
47.8	-25.854437631511814
47.849999999999994	-45.585594037707665
47.9	-64.41673608915812
47.949999999999996	-81.5287569278616
48.0	-96.59521256303344
48.05	-108.76688375779884
48.099999999999994	-118.45607560897548
48.15	-124.85100484100701
48.199999999999996	-127.85955065230883
48.25	-127.44188034265824
48.3	-123.78536857760298
48.349999999999994	-116.70059939331185
48.4	-106.56738600220206
48.449999999999996	-93.86489995867055
48.5	-78.55649064717602
48.55	-61.4154499952495
48.599999999999994	-42.606719371134886
48.65	-22.76320947347068
48.699999999999996	-2.538814039617307
48.75	17.63422685009232
48.8	37.31672015649133
48.849999999999994	55.75908080561908
48.9	72.55897622052919
48.949999999999996	87.31449652269714
49.0	99.68099923513091
49.05	109.30072760508119
49.099999999999994	115.9342422897555
49.15	119.32009135404519
49.199999999999996	119.46458703587939
49.25	116.32106766694858
49.3	109.78315001211968
49.349999999999994	100.27260049229324
49.4	87.97452815034478
49.449999999999996	72.92643845646978
49.5	55.766357951656346
49.55	37.11924164132358
49.599999999999994	17.33751278318971
49.65	-3.223132896285506
49.699999999999996	-23.746314018621945
49.75	-43.70036241413982
49.8	-62.47711735432557
49.849999999999994	-79.5959553329127
49.9	-94.68449766432286
49.949999999999996	-107.25846855360601
50.0	-117.023707983907
50.05	-123.57872244468103
50.099999999999994	-126.8492230071854
50.15	-126.62553339084968
50.199999999999996	-123.16707526744108
50.25	-116.38328563652766
50.3	-106.55700219214583
50.349999999999994	-94.00778798254748
50.4	-79.11014218240626
50.449999999999996	-62.208567757446474
50.5	-43.616468504286786
50.55	-23.863436073311107
50.599999999999994	-3.6114924532805617
50.65	16.651464830959355
50.699999999999996	36.31312833912148
50.75	54.82628457629312
50.8	71.70668401708713
50.849999999999994	86.43204021757936
50.9	98.8768328626586
50.949999999999996	108.6030547988014
51.0	115.3079355621021
51.05	118.91768052373152
51.099999999999994	119.17347757348546
51.15	116.27859629641205
51.199999999999996	110.00478854869834
51.25	100.54708314081108
51.3	88.48367755178288
51.349999999999994	73.66288167577284
51.4	56.74430734690554
51.449999999999996	38.29688118108959
51.5	18.535004669268403
51.55	-2.015502496674628
51.599999999999994	-22.557998512928407
51.65	-42.473595227537885
51.699999999999996	-61.46698343543301
51.75	-78.66066375134687
51.8	-93.90743502322209
51.849999999999994	-106.42908621118522
51.9	-116.22101602781083
51.949999999999996	-123.14761629160324
52.0	-126.57750710411597
52.05	-126.59834153544
52.099999999999994	-123.31989333766819
52.15	-116.72786213931556
52.199999999999996	-107.06625434819591
52.25	-94.66139787819304
52.3	-79.78458512438078
52.349999999999994	-62.80332293359669
52.4	-44.19916188664422
52.449999999999996	-24.662242156760612
52.5	-4.463580860140439
52.55	15.708518737130362
52.599999999999994	35.34126861049958
52.65	53.87514501779708
52.699999999999996	70.79354934863818
52.75	85.70723510247012
52.8	98.22927307385226
52.849999999999994	108.22390528788105
52.9	115.28292782727954
52.949999999999996	118.92612410452762
53.0	119.51085361014077
53.05	116.5641229134958
53.099999999999994	110.44996169084811
53.15	101.3540979651101
53.199999999999996	89.47040087875757
53.25	74.85106334550505
53.3	58.16395022855204
53.349999999999994	39.850491386133115
53.4	19.986932902621334
53.449999999999996	-0.5307880591257117
53.5	-20.948287168982688
53.55	-41.12803992516427
53.599999999999994	-60.294424373418906
53.65	-77.58817768401497
53.699999999999996	-92.95130360048859
53.75	-105.8731157171942
53.8	-115.61891371682054
53.849999999999994	-122.52822248081867
53.9	-126.2089129924696
53.949999999999996	-126.50169649089992
54.0	-123.35304644964322
54.05	-117.06794727074248
54.099999999999994	-107.58057530706645
54.15	-95.42159317963694
54.199999999999996	-80.65285952150191
54.25	-63.68339455861894
54.3	-45.2894186930522
54.349999999999994	-25.848327095735044
54.4	-5.641332742846771
54.449999999999996	14.666652787909754
54.5	34.255488617086826
54.55	52.78991087347299
54.599999999999994	69.83367812817369
54.65	84.81836905116813
54.699999999999996	97.34793385391367
54.75	107.51300106191957
54.8	114.63138068464002
54.849999999999994	118.43056326417559
54.9	119.19497800101772
54.949999999999996	116.5837413986228
55.0	110.6086171880637
55.05	101.54079211676037
55.099999999999994	89.8510002055491
55.15	75.37494674331924
55.199999999999996	58.69133459553041
55.25	40.49077025255974
55.3	20.75098987862401
55.349999999999994	0.3282505255922388
55.4	-20.013461324421996
55.449999999999996	-40.170441090092766
55.5	-59.32370999128068
55.55	-76.67094762936603
55.599999999999994	-92.00652046274917
55.65	-105.17209145380122
55.699999999999996	-115.33901187733233
55.75	-122.48384970168217
55.8	-126.3693390205101
55.849999999999994	-126.84006408822745
55.9	-123.69537257815296
55.949999999999996	-117.49324431769355
56.0	-108.15254195979497
56.05	-96.21133515751171
56.099999999999994	-81.6241433029574
56.15	-65.1118463539857
56.199999999999996	-46.68490175766925
56.25	-27.148383106204392
56.3	-7.165607068818019
56.349999999999994	12.931947121192366
56.4	32.496909659337916
56.449999999999996	51.11133581491822
56.5	68.41960908871215
56.55	83.64488379524778
56.599999999999994	96.46265167598312
56.65	106.64619804022186
56.699999999999996	113.86891171937555
56.75	117.86706989962147
56.8	118.6756713835623
56.849999999999994	116.27386212237002
56.9	110.62217600739541
56.949999999999996	101.77553828554915
57.0	90.20041249269616
57.05	75.98559677235335
57.099999999999994	59.45442385888691
57.15	41.326851432642
57.199999999999996	21.776635682738174
57.25	1.501901831951784
57.3	-18.89005697873006
57.349999999999994	-38.807840152288406
57.4	-57.76583056912892
57.449999999999996	-75.11474713156514
57.5	-90.65532086694452
57.55	-103.64802454100766
57.599999999999994	-113.91587515364046
57.65	-120.98298222195126
57.699999999999996	-125.17646891868219
57.75	-125.81188819827372
57.8	-123.00486899714701
57.849999999999994	-117.13537308923429
57.9	-108.01867969586107
57.949999999999996	-96.26432364650725
58.0	-81.85277059805634
58.05	-65.27321867883973
58.099999999999994	-47.0767376204891
58.15	-27.696972298888397
58.199999999999996	-7.640203864587534
58.25	12.506096412309773
58.3	32.19317041756409
58.349999999999994	50.824894858823086
58.4	67.93108998206435
58.449999999999996	83.00188925442671
58.5	95.76119483355637
58.55	106.15084417122193
58.599999999999994	113.67993994453286
58.65	117.83353788101431
58.699999999999996	118.77672874688926
58.75	116.51728878332267
58.8	111.03291670630938
58.849999999999994	102.36486786370779
58.9	90.83179849613987
58.949999999999996	76.69240122341535
59.0	60.463308449595615
59.05	42.443685277474515
59.099999999999994	22.949444877200847
59.15	2.6804257824401247
59.199999999999996	-17.751636778875536
59.25	-37.58197996202807
59.3	-56.653589721031835
59.349999999999994	-74.15696643546818
59.4	-89.7301444120643
59.449999999999996	-102.8822834211743
59.5	-113.09727700806064
59.55	-120.55782969394261
59.599999999999994	-124.68540229065582
59.65	-125.47270208314137
59.699999999999996	-122.89803613075998
59.75	-116.91857916397112
59.8	-107.90473621312339
59.849999999999994	-96.11329187972149
59.9	-81.89382553406824
59.949999999999996	-65.49207279371046
60.0	-47.44820470335446
60.05	-28.227504944296697
60.099999999999994	-8.383366363951836
60.15	11.66727403653897
60.199999999999996	31.370321079440373
60.25	50.057765836778344
60.3	67.14138872674391
60.349999999999994	82.44693957831805
60.4	95.51232360044196
60.449999999999996	105.93089713736094
60.5	113.42571714384269
60.55	117.75112003705647
60.599999999999994	118.87460916857776
60.65	116.71220049797682
60.699999999999996	111.41080720557898
60.75	102.93708162982603
60.8	91.54878501001758
60.849999999999994	77.59540594686291
60.9	61.50112506781602
60.949999999999996	43.55557962715636
61.0	24.31198509250669
61.05	4.29918939978819
61.099999999999994	-16.11698315083345
61.15	-36.08466818408448
61.199999999999996	-55.25529442036981
61.25	-72.91007624247413
61.3	-88.43409724665844
61.349999999999994	-101.71150099908311
61.4	-112.21993152249615
61.449999999999996	-119.79292392910105
61.5	-124.02422534544723
61.55	-125.14493448014338
61.599999999999994	-122.8282002401852
61.65	-117.09878266529637
61.699999999999996	-108.43357123343571
61.75	-96.8312515466672
61.8	-82.61317361830015
61.849999999999994	-66.43233479485178
61.9	-48.50611817621336
61.949999999999996	-29.407821059018033
62.0	-9.527066112821444
62.05	10.536928919586103
62.099999999999994	30.191238493657522
62.15	48.84429750849597
62.199999999999996	66.10473313422267
62.25	81.58557926751291
62.3	94.65652028907425
62.349999999999994	105.24738389906429
62.4	112.91037927995808
62.449999999999996	117.49952539707908
62.5	118.75241990462837
62.55	116.7855207211328
62.599999999999994	111.64938096665469
62.65	103.43109380592114
62.699999999999996	92.31503115016449
62.75	78.57539095099185
62.8	62.51724248291748
62.849999999999994	44.590384494473255
62.9	25.42261922174805
62.949999999999996	5.402991044044597
63.0	-14.866536446119312
63.05	-34.66621403317396
63.099999999999994	-53.806304497495375
63.15	-71.39281471097456
63.199999999999996	-86.7823115929944
63.25	-100.34755829131404
63.3	-110.97976107656353
63.349999999999994	-118.59945046377914
63.4	-123.25621126152441
63.449999999999996	-124.46829669060924
63.5	-122.30053754023822
63.55	-116.83764007428164
63.599999999999994	-108.26287923931523
63.65	-96.86193602023326
63.699999999999996	-82.8215397270967
63.75	-66.70419668372915
63.8	-48.957880576948924
63.849999999999994	-30.049863334865336
63.9	-10.412750164717409
63.949999999999996	9.571415147463313
63.99999999999999	29.228718918603022
64.05	47.89598749646609
64.1	65.21689016878122
64.15	80.6941753636147
64.19999999999999	93.80248888852816
64.24999999999999	104.50941686978877
64.3	112.33928000716571
64.35	117.04117117937767
64.4	118.50520296018556
64.44999999999999	116.67336661231548
64.49999999999999	111.68537466612315
64.55	103.61172895729408
64.6	92.57452457371403
64.65	78.97274396527644
64.69999999999999	63.05098323952075
64.74999999999999	45.31797993450721
64.8	26.246266348732377
64.85	6.334962034885336
64.9	-13.889172315933024
64.94999999999999	-33.59972256025321
64.99999999999999	-52.7043159616494
65.05	-70.32833700513379
65.1	-86.18764807008148
65.15	-99.72357140546603
65.19999999999999	-110.40141555744952
65.24999999999999	-118.34464541793909
65.3	-123.04034906771722
65.35	-124.47229288197548
65.4	-122.47806868930104
65.44999999999999	-117.22330249687576
65.49999999999999	-108.83540293537158
65.55	-97.5069524507179
65.60000000000001	-83.69287522195742
65.65	-67.65510218355507
65.7	-50.052671603829026
65.75	-31.26727184759625
65.8	-11.549780465381843
65.85000000000001	8.442305709686593
65.9	28.02323191900325
65.95	46.58650760871819
66.0	64.01228527700914
66.05	79.43089516340251
66.10000000000001	92.6808529063826
66.15	103.52440370758586
66.2	111.51269996192218
66.25	116.44685105311783
66.3	118.11315311330009
66.35000000000001	116.59802225139833
66.4	111.78918690737385
66.45	103.76387632118508
66.5	92.88210761397454
66.55	79.44580042695338
66.60000000000001	63.70670241348728
66.65	46.219062862647434
66.7	27.338007734894973
66.75	7.459177564915649
66.8	-12.712072887498266
66.85000000000001	-32.49589852146761
66.9	-51.65237268089015
66.95	-69.35648819931254
67.0	-85.37551459647364
67.05	-98.91691356359712
67.10000000000001	-109.6736777989978
67.15	-117.63740112808694
67.2	-122.45205248724625
67.25	-124.04729270023819
67.3	-122.31290619088247
67.35000000000001	-117.28449668229877
67.4	-109.16452884185361
67.45	-98.12908105833213
67.5	-84.50748186571616
67.55	-68.6542588713229
67.60000000000001	-51.124819295030534
67.65	-32.32228210697406
67.7	-12.649586769119594
67.75	7.268986356363712
67.8	26.863011302497966
67.85000000000001	45.52753005776776
67.9	62.885783920727704
67.95	78.51182388361258
68.0	91.86766386890781
68.05	102.68806950976227
68.10000000000001	110.77185218350019
68.15	115.71538422867434
68.2	117.58553094992521
68.25	116.23658953387962
68.3	111.62814878812412
68.35000000000001	103.87075024374178
68.4	93.23534694463387
68.45	80.02368743264014
68.5	64.36697810824285
68.55	46.97230524776887
68.60000000000001	27.99170447418038
68.65	7.97741129624751
68.7	-12.31099653628479
68.75	-32.254231920377606
68.8	-51.41250662560401
68.85000000000001	-69.32242388665333
68.9	-85.24997021093799
68.95	-99.12742928235599
69.0	-110.1710464205425
69.05	-118.48369174252804
69.10000000000001	-123.56012973308384
69.15	-125.26772140775165
69.2	-123.59343789023535
69.25	-118.65047871376396
69.3	-110.48284049763618
69.35000000000001	-99.68519566202565
69.4	-86.14145683880531
69.45	-70.37784184115986
69.5	-53.01691474688755
69.55	-34.22315911796056
69.60000000000001	-14.573644805742902
69.65	5.375314152692226
69.7	25.000015359771737
69.75	43.68773601161013
69.8	61.1373534795639
69.85000000000001	76.93961386386945
69.9	90.44281284803378
69.95	101.5374797120246
70.0	109.72728906324119
70.05	114.82776997739734
70.10000000000001	116.82767027042769
70.15	115.61343877181662
70.2	111.23681059913793
70.25	103.70166852640796
70.3	93.30267489424205
70.35000000000001	80.26434988160531
70.4	64.92268546764808
70.45	47.50990209639167
70.5	28.636895185023434
70.55	8.846886974592621
70.60000000000001	-11.339320749740637
70.65	-31.336492420721243
70.7	-50.532399398661596
70.75	-68.34481392127566
70.8	-84.481013145774
70.85000000000001	-98.19296808905364
70.9	-109.56168176870193
70.95	-117.9172302943249
71.0	-122.60243335259963
71.05	-124.5105782058194
71.10000000000001	-123.02439889636287
71.15	-118.35868866719153
71.2	-110.45515598850523
71.25	-99.94653351157149
71.3	-86.56846442796825
71.35000000000001	-71.22747991993862
71.4	-53.84145396752069
71.45	-35.12835296516937
71.5	-15.605516089069624
71.55	4.298312401401347
71.60000000000001	23.89641534588452
71.65	42.569677961268894
71.7	60.07616638771265
71.75	75.76201420243763
71.8	89.38215004472613
71.85000000000001	100.54102927732879
71.9	108.864490822378
71.95	114.28707740258528
72.0	116.4970180205737
72.05	115.52457111793797
72.10000000000001	111.33946193856343
72.15	103.95127609153758
72.2	93.57135674695428
72.25	80.64666873857891
72.3	65.3431764978792
72.35000000000001	48.02008313528415
72.4	29.38669385273124
72.45	9.678596485165372
72.5	-10.486893870946346
72.55	-30.34012849975136
72.60000000000001	-49.50868470116143
72.65	-67.46639471434725
72.7	-83.50411538385174
72.75	-97.50390446030201
72.8	-108.71704487715726
72.85000000000001	-117.16976034999976
72.9	-122.55047788804819
72.95	-124.6298987854575
73.0	-123.40402354057755
73.05	-118.72061403452318
73.10000000000001	-111.05371473361294
73.15	-100.5921320158476
73.2	-87.38934441587867
73.25	-71.93815264658326
73.3	-54.90196696072917
73.35000000000001	-36.061683607241605
73.4	-16.762582551550793
73.45	3.028570703194191
73.5	22.477362267195133
73.55	41.248685443284785
73.60000000000001	58.85077421063397
73.65	74.68119149440031
73.7	88.35901089579136
73.75	99.58305295353739
73.8	108.26559736222555
73.85000000000001	113.83847859266086
73.9	116.06653126231504
73.95	115.24337919839331
74.0	111.36021789287634
74.05	104.11626413514841
74.10000000000001	94.17444246624382
74.15	81.5373204464845
74.2	66.38727227289121
74.25	49.39513638586459
74.3	30.871978196970645
74.35000000000001	11.183833438814077
74.4	-8.795133111555401
74.45	-28.522279967527652
74.5	-47.746706151361536
74.55	-65.67463915626979
74.60000000000001	-81.80359007557752
74.65	-95.63830071155826
74.7	-107.27221097701039
74.75	-115.59634974601437
74.8	-121.19261471225309
74.85000000000001	-123.50737268144672
74.9	-122.37766415031706
74.95	-117.94412774821853
75.0	-110.55947853294731
75.05	-100.42542803255907
75.10000000000001	-87.44610343761076
75.15	-72.479937152238
75.2	-55.45996507187442
75.25	-37.25352599286953
75.3	-17.72421041752534
75.35000000000001	1.8678255186164279
75.4	21.57443628362512
75.45	40.59877194413093
75.5	58.245562675198926
75.55	73.97440737993679
75.60000000000001	87.80969185626634
75.65	99.32283962609631
75.7	107.8892342358306
75.75	113.57855834123598
75.8	116.12047637334592
75.85000000000001	115.65179926172505
75.9	112.11992223890252
75.95	105.35975937789885
76.0	95.42610455989598
76.05	83.05443573473895
76.10000000000001	68.21062158436155
76.15	51.41437934684734
76.2	32.83812425904074
76.25	13.408795047676279
76.3	-6.638870214080441
76.35000000000001	-26.569674545959174
76.4	-45.94432828753611
76.45	-64.28825319903433
76.5	-80.84730230596642
76.55	-95.07152424632494
76.60000000000001	-107.03395899972395
76.65	-116.0531563144686
76.7	-121.73538656002364
76.75	-124.11934701416055
76.8	-123.39100374481427
76.85000000000001	-119.30736308170384
76.9	-111.88199108363972
76.95	-101.68501091236396
77.0	-88.83752268918187
77.05	-73.5971240540083
77.10000000000001	-56.55726734592491
77.15	-38.26722885820891
77.2	-19.051326897950275
77.25	0.7982733905740815
77.3	20.295288427033313
77.35000000000001	39.11520854557273
77.4	56.97049015663299
77.45	72.8778725580504
77.5	86.75250182192326
77.55	98.28932025815288
77.60000000000001	107.21824009276293
77.65	113.1816166590063
77.7	116.22998868658954
77.75	115.92933060348037
77.8	112.23585839569273
77.85000000000001	105.44934571597071
77.9	95.89441178720006
77.95	83.48260097566549
78.0	68.57106245254238
78.05	51.83422190319516
78.10000000000001	33.52525703904439
78.15	14.110157900328772
78.2	-5.838241771153548
78.25	-25.606474207517635
78.3	-44.87977407601164
78.35000000000001	-63.25314418321136
78.4	-79.57445717032431
78.45	-93.50592161144834
78.5	-105.27354244997002
78.55	-114.42050519381206
78.60000000000001	-120.04193310406703
78.65	-122.65931392476637
78.7	-122.24530968040665
78.75	-118.31993537306982
78.8	-111.30190202043514
78.85000000000001	-101.5228601168019
78.9	-88.83430816205686
78.95	-73.69032721003452
79.0	-57.44764491161516
79.05	-38.99465608901676
79.10000000000001	-19.486064533529543
79.15	-0.11447473850853385
79.2	19.110869297650254
79.25	38.44000765382327
79.3	56.342233818646946
79.35000000000001	72.3476183456255
79.4	86.47652938329088
79.45	98.33900166803994
79.5	107.21796224302136
79.55	113.47419390458208
79.60000000000001	116.50770321952155
79.65	116.04622848454233
79.7	112.59511856601648
79.75	106.20038049016784
79.8	96.62949490473261
79.85000000000001	84.44643222159175
79.9	69.78699325086018
79.95	53.288078672491565
80.0	34.931498169563724
80.05	15.589084660852393
80.10000000000001	-4.426995761490787
80.15	-24.321296216580663
80.2	-43.51004379469106
80.25	-61.63409181391057
80.3	-78.23714206030832
80.35000000000001	-92.66789948556914
80.4	-104.54569239809996
80.45	-113.47499685528328
80.5	-119.65825343825179
80.55	-122.43578930230723
80.60000000000001	-121.9831680005575
80.65	-118.39879287411998
80.7	-111.54946476310602
80.75	-101.70313615273375
80.8	-89.22624548851365
80.85000000000001	-74.53079798281618
80.9	-57.80719433878005
80.95	-39.447675383043475
81.0	-20.35093654165803
81.05	-0.7225724401544085
81.10000000000001	18.758887580503256
81.15	37.705808459635136
81.2	55.51011842058824
81.25	71.41061808990253
81.3	85.61509955094334
81.35000000000001	97.52205831491824
81.4	106.58055839035092
81.45	112.72776891113415
81.5	115.77568681740252
81.55	115.65182535252052
81.60000000000001	112.42903708741676
81.65	106.26348027585732
81.7	96.77819847870023
81.75	84.73507190713713
81.8	70.43907263462188
81.85000000000001	53.85680538027066
81.9	35.62623990766889
81.95	16.466107007926382
82.0	-3.4124077950468745
82.05	-23.199185814890598
82.10000000000001	-42.449479502456086
82.15	-60.50771990134098
82.2	-77.21903162713505
82.25	-91.67814664256434
82.3	-103.69254729663044
82.35000000000001	-112.83261506061439
82.4	-118.89661156194302
82.45	-121.79763693672913
82.5	-121.44179048432045
82.55	-117.99018913544319
82.60000000000001	-111.43887950044893
82.65	-101.87649553039029
82.7	-89.35548977565605
82.75	-74.86142172708367
82.8	-58.304437249833484
82.85000000000001	-40.3575120664251
82.9	-21.377320071282156
82.95	-1.954694925334195
83.0	17.510123695479137
83.05	36.47934613515787
83.10000000000001	54.26152621395045
83.15	70.5505527837206
83.2	84.58689179770226
83.25	96.53918561650426
83.3	105.75005711344534
83.35000000000001	112.30570542756732
83.4	115.60633493988814
83.45	115.64199562579574
83.5	112.552622125055
83.55	106.44505792273992
83.60000000000001	97.2700807726269
83.65	85.54785908042982
83.7	71.33532301872197
83.75	54.84882783507089
83.8	36.730697260034106
83.85000000000001	17.634086836489587
83.9	-2.1172782096635956
83.95	-21.88256114681724
84.0	-40.96160942389349
84.05	-59.19708800884672
84.10000000000001	-75.9468154550226
84.15	-90.49843708410282
84.2	-102.70998081894572
84.25	-112.03411889577046
84.3	-118.45718729878041
84.35000000000001	-121.57138922108885
84.4	-121.50785654343446
84.45	-118.17165444782506
84.5	-111.69395544863772
84.55	-102.3312689621497
84.60000000000001	-90.33658913334443
84.65	-75.67147099973374
84.7	-59.36659170060193
84.75	-41.5064462963328
84.8	-22.544417390381568
84.85000000000001	-3.1301458338738257
84.9	16.297913225799334
84.95	35.296582635299956
85.0	53.13448717135816
85.05	69.48246422850025
85.10000000000001	83.62395618548271
85.15	95.67391663993237
85.2	105.21281112050178
85.25	111.68002860525667
85.3	115.11850651998247
85.35000000000001	115.552906506098
85.4	112.61557248171982
85.45	106.5821893781615
85.5	97.59592572940596
85.55	85.83559851159384
85.60000000000001	71.63925526727257
85.65	55.51783557324268
85.7	37.68955534768554
85.75	18.599661619443964
85.8	-0.9318319733952194
85.85000000000001	-20.699886527319336
85.9	-39.779126000800886
85.95	-58.22891133158913
86.0	-74.70836117229163
86.05	-89.42505243640204
86.10000000000001	-101.58443605275176
86.15	-111.02199583761632
86.2	-117.57164890771998
86.25	-121.14971029675172
86.3	-121.29775908468224
86.35000000000001	-118.15379493356852
86.4	-111.6483805926643
86.45	-102.53348923786109
86.5	-90.63995399074264
86.55	-76.40459535942801
86.60000000000001	-60.099467009021964
86.65	-42.42242698434029
86.7	-23.645732900228268
86.75	-4.233229114372307
86.8	15.348246091666283
86.85000000000001	34.28265346710265
86.9	51.965594079904236
86.95	68.38121007097368
87.0	82.69458509726269
87.05	94.69812069653881
87.10000000000001	104.32712570178444
87.15	111.10905291023732
87.2	114.66068910730246
87.25	115.14430063274335
87.3	112.61955527693169
87.35000000000001	106.64564535922966
87.4	97.73720090905226
87.45	86.48011512528274
87.5	72.50286807992165
87.55	56.393261242937115
87.60000000000001	38.620533113119734
87.65	19.690676636596095
87.7	0.247749822772505
87.75	-19.505042463137727
87.8	-38.733462008116476
87.85000000000001	-57.0369003290715
87.9	-73.58719217871601
87.95	-88.42596512769364
88.0	-100.81331519704719
88.05	-110.50921801438295
88.10000000000001	-117.19622280639084
88.15	-120.65282870107137
88.2	-121.0325002260821
88.25	-118.19450969119953
88.3	-112.16632936033977
88.35000000000001	-103.23349124744266
88.4	-91.33602202191946
88.45	-77.31471312523297
88.5	-61.35647015705729
88.55	-43.5089062921561
88.60000000000001	-24.713639055491626
88.65	-5.356556371455497
88.7	14.080025455660007
88.75	33.07847015816816
88.8	51.042493238686234
88.85000000000001	67.37324479847985
88.9	81.83191811715301
88.95	93.95827811247636
89.0	103.55080030397437
89.05	110.38024535870568
89.10000000000001	114.30346399582584
89.15	114.81031543120707
89.2	112.34617210794454
89.25	106.68605591024254
89.3	98.17319970488279
89.35000000000001	86.80588795845847
89.4	73.11124375088912
89.45	57.23089548801113
89.5	39.587588757678134
89.55	20.763412929552032
89.60000000000001	1.2977776905981955
89.65	-18.475405949411993
89.7	-37.6042571669102
89.75	-55.857872623460366
89.8	-72.58826211987287
89.85000000000001	-87.51295735291558
89.9	-99.89727526444398
89.95	-109.69759313045586
90.0	-116.49899524708292
90.05	-120.12681937013195
90.10000000000001	-120.66975444523445
90.15	-117.91914050880348
90.2	-111.86499150043835
90.25	-102.94520396278438
90.3	-91.41518106980311
90.35000000000001	-77.49500897723942
90.4	-61.508203845065964
90.45	-43.89032696443786
90.5	-25.197589796766692
90.55	-5.881438060999471
90.60000000000001	13.498551551015566
90.65	32.43906625886939
90.7	50.42613444072879
90.75	66.7633583189795
90.8	81.2397837743988
90.85000000000001	93.6514372531833
90.9	103.43800348015293
90.95	110.4104244488401
91.0	114.44356981166959
91.05	115.15739903555664
91.10000000000001	112.8052145883546
91.15	107.46137666100071
91.2	98.91716205092644
91.25	87.63914810639108
91.3	73.91141506809277
91.35000000000001	58.11800424542821
91.4	40.698807209438826
91.45	21.884206384972515
91.5	2.397532815451143
91.55	-17.338193495383223
91.60000000000001	-36.499829617678074
91.65	-54.74922716166702
91.7	-71.64151804670064
91.75	-86.50038871720506
91.8	-99.1181536948028
91.85000000000001	-109.2519513565253
91.9	-116.24709254016688
91.95	-120.17926287603018
92.0	-120.76949769339501
92.05	-118.20246703757482
92.10000000000001	-112.4436300313044
92.15	-103.68480736231476
92.2	-92.26375726758022
92.25	-78.42841504899593
92.3	-62.53614953815281
92.35000000000001	-45.07872640221751
92.4	-26.518145972895354
92.45	-7.345000900754883
92.5	12.058128829312466
92.55	30.741849659343757
92.60000000000001	48.70423029489655
92.65	65.19854785226062
92.7	79.8406310226693
92.75	92.31075479982599
92.8	102.30477742627409
92.85000000000001	109.43425674709192
92.9	113.54039138843757
92.95	114.50519770905544
93.0	112.42464535345403
93.05	107.20356224878196
93.10000000000001	98.88534297181786
93.15	87.77738266221536
93.2	74.37436943294574
93.25	58.690710568413124
93.3	41.38385959815923
93.35000000000001	22.672011482528205
93.4	3.320840318805267
93.45	-16.35579153633398
93.5	-35.53251080939242
93.55	-53.82624563845093
93.60000000000001	-70.69638933622423
93.65	-85.63888366659478
93.7	-98.25241569666446
93.75	-108.45134459578264
93.8	-115.55166908428754
93.85000000000001	-119.59389566573986
93.9	-120.40488397124068
93.95	-117.88677891181044
94.0	-112.2250900989477
94.05	-103.86878031088406
94.10000000000001	-92.47401645707515
94.15	-78.48868066043968
94.2	-62.7869752456304
94.25	-45.591132508995884
94.3	-27.123285360605337
94.35000000000001	-7.7862243245386935
94.4	11.488935358367257
94.45	30.254822993247558
94.5	48.3246873397095
94.55	64.83313634013814
94.60000000000001	79.50276402889835
94.65	91.76325010268806
94.7	101.83585332234475
94.75	108.98952492029969
94.8	113.24863461793439
94.85000000000001	114.32219734503815
94.9	112.4669469477094
94.95	107.44388818611696
95.0	99.37692264460134
95.05	88.36335859397673
95.10000000000001	75.09932890087725
95.15	59.7613459192155
95.2	42.50225525347162
95.25	23.914532177832143
95.3	4.6025989088044525
95.35000000000001	-15.122089762048972
95.4	-34.42639735130854
95.45	-52.598115582742366
95.5	-69.59014616964487
95.55	-84.76365531699139
95.60000000000001	-97.46364527625832
95.65	-107.58495458544155
95.7	-115.13888746748614
95.75	-119.3375346918333
95.8	-120.33074912280676
95.85000000000001	-118.21044721128237
95.9	-112.72023551033675
95.95	-104.40196912761121
96.0	-93.36429257082847
96.05	-79.65993566767213
96.10000000000001	-63.950097211241996
96.15	-46.739475217550876
96.2	-28.389638308002873
96.25	-9.239624420733549
96.3	10.09423903765088
96.35000000000001	28.96460189704851
96.4	46.93950047175667
96.45	63.444678171295436
96.5	78.1860757549855
96.55	90.85477292964265
96.60000000000001	101.0764376440352
96.65	108.2559925864598
96.7	112.6739746323135
96.75	113.99934239952779
96.8	111.95767311107602
96.85000000000001	106.90274884753205
96.9	98.98911628223573
96.95	88.16276741829893
97.0	74.96057242983079
97.05	59.605591916170965
97.10000000000001	42.53894556644957
97.15	24.136796666520013
97.2	4.958200115520867
97.25	-14.713325920442799
97.3	-33.813896826638484
97.35000000000001	-52.108471575118074
97.4	-69.18453810047373
97.45	-84.37839762178629
97.5	-97.32861288648172
97.55	-107.64392494408861
97.60000000000001	-114.92881694964905
97.65	-119.40030789593266
97.7	-120.53463019680004
97.75	-118.46175108447869
97.8	-113.17812258222204
97.85000000000001	-105.05444486549447
97.9	-94.05487843668368
97.95	-80.67616353108622
98.0	-65.23130006227802
98.05	-48.08359950216334
98.10000000000001	-29.639438047677004
98.15	-10.568756434921397
98.2	8.598565121223032
98.25	27.55899964187347
98.3	45.523910761837215
98.35000000000001	62.2272085307543
98.4	77.2042735364189
98.45	89.93715803196142
98.5	100.0769028743739
98.55	107.46377742051209
98.60000000000001	112.0209759601795
98.65	113.3645037323688
98.7	111.70489913646634
98.75	106.88026944247576
98.8	98.99980877811458
98.85000000000001	88.41853677262043
98.9	75.53394415320145
98.95	60.362119141717926
99.0	43.29933169205242
99.05	24.91143714980825
99.10000000000001	5.688287942476791
99.15	-13.767823858172846
99.2	-32.816072809502316
99.25	-51.23942570264637
99.3	-68.33657079162907
99.35000000000001	-83.5402247330224
99.4	-96.43838814099695
99.45	-106.89679031367774
99.5	-114.461009984361
99.55	-118.80415774270557
99.60000000000001	-120.07472126947187
99.65	-118.28524188097646
99.7	-113.31429282118467
99.75	-105.36150435030959
99.8	-94.46325342493532
99.85000000000001	-81.19134222005471
99.9	-65.80222139646787
99.95	-48.74721218280166
100.0	-30.4594604037934
100.05	-11.420172086568527
100.10000000000001	7.75019191579122
100.15	26.582143552053253
100.2	44.60207843198623
100.25	61.35835386388658
100.3	76.39010644552263
100.35000000000001	89.26108537654534
100.4	99.60648785442811
100.45	107.32338036902206
100.5	112.20550770964473
100.55	113.68083992613526
100.60000000000001	112.18629110199686
100.65	107.58257272330468
100.7	99.84924673182786
100.75	89.48091728704446
100.8	76.63380418907786
100.85000000000001	61.5344258686232
100.9	44.53730862684711
100.95	26.40480299941089
101.0	7.405417500701503
101.05	-12.178651731344075
101.10000000000001	-31.418786579076823
101.15	-49.712569154726395
101.2	-66.74429264781799
101.25	-82.19181605418078
101.3	-95.28343349546094
101.35000000000001	-105.7451184581929
101.4	-113.51096603864147
101.45	-118.19926811226117
101.5	-119.68903094450934
101.55	-117.98819813629962
101.60000000000001	-113.18603102777826
101.65	-105.3946487355617
101.7	-94.68347567492344
101.75	-81.57102101016767
101.8	-66.40068597408708
101.85000000000001	-49.40780098993878
101.9	-31.30612632399186
101.95	-12.375151103797691
102.0	6.69515181714587
102.05	25.504022389783586
102.10000000000001	43.69403157911495
102.15	60.42490261556327
102.2	75.46430774809528
102.25	88.38747162115556
102.3	98.89985123120891
102.35000000000001	106.54784073307655
102.4	111.47919688320974
102.45	113.33890703839904
102.5	111.89558637166442
102.55	107.49538738267097
102.60000000000001	100.12665370598938
102.65	89.85315191582754
102.7	77.19378568196453
102.75	62.36716843835336
102.8	45.55648303124906
102.85000000000001	27.433170411625838
102.9	8.43934225071456
102.95	-11.072451250519293
103.0	-30.388881530160347
103.05	-48.57674966726381
103.10000000000001	-65.68170736784089
103.15	-81.28620758698514
103.2	-94.40690536105416
103.25	-105.15431619508723
103.3	-113.08027570905006
103.35000000000001	-117.92187208789738
103.4	-119.4844724763488
103.45	-118.04873703605546
103.5	-113.37934469152191
103.55	-105.6041300977671
103.60000000000001	-95.22566194993539
103.65	-82.35075106833068
103.7	-67.24201665194187
103.75	-50.50218296441142
103.8	-32.45620632342809
103.85000000000001	-13.544156021811489
103.9	5.59734672001764
103.95	24.44700278623452
104.0	42.56306860901907
104.05	59.455303965232474
104.10000000000001	74.40243979108004
104.15	87.51984219252677
104.2	98.3111469652174
104.25	106.22357344829823
104.3	111.34001770047894
104.35000000000001	113.33818506569605
104.4	112.14563184649523
104.45	107.89685440419794
104.5	100.59865950592007
104.55	90.46919254854697
104.60000000000001	77.86286387570749
104.65	63.11525353139791
104.7	46.49569494672164
104.75	28.458639218436076
104.8	9.467354519103537
104.85000000000001	-9.805981756710707
104.9	-28.94702354018159
104.95	-47.45904478338002
105.0	-64.57249464250265
105.05	-80.27277733398472
105.10000000000001	-93.4783116739892
105.15	-104.37112265453345
105.2	-112.42225333111656
105.25	-117.46280668836522
105.3	-119.29889019477525
105.35000000000001	-117.93480742874607
105.4	-113.47982005660919
105.45	-105.98166972950816
105.5	-95.68508802715377
105.55	-82.80656220450749
105.60000000000001	-67.72820630004287
105.65	-50.954384754443026
105.7	-33.26483133165061
105.75	-14.495647936425144
105.8	4.64995591176563
105.85000000000001	23.535705789572603
105.9	41.575011804844735
105.95	58.46539141336552
106.0	73.60994543498464
106.05	86.5918257871931
106.10000000000001	97.47801058839173
106.15	105.49433006558274
106.2	110.61578179958235
106.25	112.68181556499542
106.3	111.69840550670847
106.35000000000001	107.55059117384701
106.4	100.4685369858264
106.45	90.55009346533052
106.5	78.31379666738701
106.55	63.61244541171857
106.60000000000001	47.143154018673954
106.65	29.313986637406515
106.7	10.369071201886186
106.75	-8.857143464793012
106.8	-28.001055261628892
106.85000000000001	-46.488345119481664
106.9	-63.69907664845107
106.95	-79.41463898882313
107.0	-92.5814268605601
107.05	-103.52786719206705
107.10000000000001	-111.51329694163769
107.15	-116.51397995884281
107.2	-118.58256880742039
107.25	-117.51649242731185
107.3	-113.25797532674045
107.35000000000001	-105.60070387958228
107.4	-95.59938262617351
107.45	-83.07193330963213
107.5	-68.21800858506771
107.55	-51.66171193707032
107.60000000000001	-33.799605848371186
107.65	-15.121707684730438
107.7	3.8145810405288216
107.75	22.510127126993325
107.8	40.62623267057927
107.85000000000001	57.49930900811205
107.9	72.64550543322753
107.95	85.73473062135486
108.0	96.54757385251196
108.05	104.62902751396496
108.10000000000001	109.9477206967448
108.15	112.29297135742502
108.2	111.45011201936973
108.25	107.49022521712072
108.3	100.58171647028689
108.35000000000001	90.92853271093145
108.4	78.59712152598786
108.45	64.24051180160154
108.5	47.755950480650995
108.55	29.824371261474766
108.60000000000001	11.197951572275429
108.65	-7.9569756680488695
108.7	-27.319412486198075
108.75	-45.68585783683881
108.8	-62.83419918452955
108.85000000000001	-78.45998271368734
108.9	-91.89106626952321
108.95	-102.80529273778018
109.0	-111.16556438839802
109.05	-116.48887282101049
109.10000000000001	-118.62002236937326
109.15	-117.5869234041599
109.2	-113.45637601856163
109.25	-106.3560427835472
109.3	-96.29656058703841
109.35000000000001	-83.82955431342145
109.4	-69.28960690869377
109.45	-52.628943224433385
109.5	-34.74148924229155
109.55	-16.28595204922425
109.60000000000001	2.6272552543350116
109.65	21.519759743856525
109.7	39.57810422389582
109.75	56.491242324018685
109.8	71.82196789687191
109.85000000000001	84.7971142181259
109.9	95.75298208772142
109.95	104.15143750751758
110.0	109.61541592025696
110.05	112.10947232388048
110.10000000000001	111.53381660933132
110.15	107.69199774716549
110.2	100.98263620333421
110.25	91.40762154879883
110.3	79.39883652665537
110.35000000000001	64.9250998787312
110.4	48.565233197348675
110.45	30.997771508968583
110.5	12.268365822301007
110.55	-6.766493436060557
110.60000000000001	-25.808796806019245
110.65	-44.45461208357341
110.7	-61.5960551346688
110.75	-77.253244485128
110.8	-91.04425694411572
110.85000000000001	-102.26849542503743
110.9	-110.50270766184161
110.95	-116.15026214615818
111.0	-118.57619616040671
111.05	-117.61405356504491
111.10000000000001	-113.59717024345821
111.15	-106.57439822538146
111.2	-96.64588957628268
111.25	-84.43163635113365
111.3	-69.89276589806798
111.35000000000001	-53.46319749088991
111.4	-35.67174295551263
111.45	-17.250593158191123
111.5	1.6145043398223038
111.55	20.456222532041124
111.60000000000001	38.58390328488679
111.65	55.58412878577906
111.7	70.89928775927478
111.75	84.27541727446498
111.8	95.29128831829462
111.85000000000001	103.68742899967947
111.9	109.39985453155646
111.95	111.87213974281804
112.0	111.46374077640212
112.05	107.79921986673435
112.10000000000001	101.31779822677186
112.15	91.8499153993721
112.2	79.87593999037551
112.25	65.55668460539391
112.3	49.44849654365703
112.35000000000001	31.808769746558596
112.4	13.251545251493383
112.45	-5.858489529889994
112.5	-24.749426572349535
112.55	-43.2785304178837
112.60000000000001	-60.557090244458664
112.65	-76.41590786338799
112.7	-90.14412136290855
112.75	-101.40745564400947
112.8	-110.01297886667203
112.85000000000001	-115.63005781432355
112.9	-118.1961277446755
112.95	-117.55475425951363
113.0	-113.6483558597738
113.05	-106.74526613616536
113.10000000000001	-97.18451877265153
113.15	-84.93397313604328
113.2	-70.61173816260253
113.25	-54.51254367596641
113.3	-36.71743276355153
113.35000000000001	-18.358544789251766
113.4	0.5227021602521518
113.45	19.41092145306675
113.5	37.55571697356993
113.55	54.52859908508185
113.60000000000001	69.98674152602769
113.65	83.4213865398417
113.7	94.52113193928437
113.75	103.28349996702502
113.8	108.89806898017036
113.85000000000001	111.54913486397663
113.9	111.32439442362647
113.95	107.91170708710706
114.0	101.43323769805306
114.05	92.17861409150987
114.10000000000001	80.44942791165124
114.15	66.23652142424737
114.2	49.992234051314654
114.25	32.45632499861233
114.3	14.433515383234976
114.35000000000001	-4.500786337897807
114.4	-23.591728092838707
114.45	-42.20586905954974
114.5	-59.36925114154849
114.55	-75.28667643071276
114.60000000000001	-89.21451339508553
114.65	-100.42626147935658
114.7	-109.16883375514686
114.75	-115.07054097919683
114.8	-117.62702811522138
114.85000000000001	-117.26186614745245
114.9	-113.62236235465275
114.95	-106.83064703975003
115.0	-97.3604057740776
115.05	-85.49542085567248
115.10000000000001	-71.28259985563199
115.15	-55.31543092258971
115.2	-37.72672632959825
115.25	-19.41045638971036
115.3	-0.5171360915005039
115.35000000000001	18.239408677988536
115.4	36.46171685229268
115.45	53.50683864632401
115.5	68.72839420526725
115.55	82.35145286030593
115.60000000000001	93.69895234228534
115.65	102.41195172926109
115.7	108.3523626533854
115.75	111.3406242564215
115.8	111.25661126729597
115.85000000000001	107.97942393124129
115.9	101.72192142355766
115.95	92.53377286557372
116.0	80.85436659335664
116.05	67.05539901276438
116.10000000000001	51.169628881100834
116.15	33.65078605087524
116.2	15.342516560422837
116.25	-3.6052696413023
116.3	-22.55575600543318
116.35000000000001	-40.99990702802393
116.4	-58.49295041195137
116.45	-74.4415505210842
116.5	-88.22488255567384
116.55	-99.66535846042285
116.60000000000001	-108.53554363920239
116.65	-114.50168426217999
116.7	-117.31064627538615
116.75	-117.09853876856278
116.8	-113.67084255291417
116.85000000000001	-107.17549887783844
116.9	-97.78895404980915
116.95	-85.9905854127615
117.0	-71.82490442524625
117.05	-55.83904783976277
117.10000000000001	-38.49988709073398
117.15	-20.272108716066384
117.2	-1.4737491895427866
117.25	17.256544901672044
117.3	35.4525893520555
117.35000000000001	52.54444903276726
117.4	68.17263758730292
117.45	81.68550427137802
117.5	93.17247912859432
117.55	101.9321572815702
117.60000000000001	107.85414464030225
117.65	110.8285188734659
117.7	110.72878907360655
117.75	107.67426426320276
117.8	101.63913810023064
117.85000000000001	92.65845415735407
117.9	81.34932687648643
117.95	67.53620099764044
118.0	51.74900910049132
118.05	34.40802974918324
118.10000000000001	16.319778649497493
118.15	-2.624540854884401
118.2	-21.58241220313448
118.25	-40.18918643161618
118.3	-57.58209003415618
118.35000000000001	-73.3936843170082
118.4	-87.46287665751152
118.45	-98.97065154750243
118.5	-107.99248919735419
118.55	-114.19635542613798
118.60000000000001	-117.20778266655043
118.65	-117.0979164441037
118.7	-113.82064410122877
118.75	-107.450722445969
118.8	-98.42490456445313
118.85000000000001	-86.65720764998315
118.9	-72.65943116141403
118.95	-56.79650217405208
119.0	-39.471879152718145
119.05	-21.163316774449868
119.10000000000001	-2.477641649037082
119.15	16.293696472415718
119.2	34.53401995434206
119.25	51.61232151761601
119.3	67.19713290076197
119.35000000000001	80.76063515504393
119.4	92.31290249170661
119.45	101.32919187660877
119.5	107.46991687521961
119.55	110.63945450463177
119.60000000000001	110.75588735751955
119.65	107.78030173727916
119.7	101.91758900269895
119.75	93.2978118826602
119.8	81.90362448977737
119.85000000000001	68.308564726957
119.9	52.67923601703228
119.95	35.531982160981784
120.0	17.273590290069478
120.05	-1.5722179972237882
120.10000000000001	-20.51896788385568
120.15	-38.89215001024593
120.2	-56.37164989119799
120.25	-72.39218215149936
120.3	-86.41834592855389
120.35000000000001	-98.16228382508996
120.4	-107.30328089217323
120.45	-113.48653848882248
120.5	-116.64244712533804
120.55	-116.63051572136965
120.60000000000001	-113.53243025625943
120.65	-107.50035218146212
120.7	-98.53213960284762
120.75	-87.01005739139117
120.8	-73.30568144512449
120.85000000000001	-57.56949105741484
120.9	-40.4720250940112
120.95	-22.27453528682838
121.0	-3.4897480892783506
121.05	15.250515419363069
121.10000000000001	33.452807830057736
121.15	50.533979193713094
121.2	66.21587003834736
121.25	79.96548027748327
121.3	91.54368997376832
121.35000000000001	100.55074195247039
121.4	106.62532013308305
121.45	110.14847882008507
121.5	110.67009489726365
121.55	107.72213460975627
121.60000000000001	102.23109056593444
121.65	93.73281944921632
121.7	82.50297862926072
121.75	69.03425867616761
121.8	53.592678082665316
121.85000000000001	36.555675516112785
121.9	18.51162341398168
121.95	-0.3641168022357988
122.0	-19.30440145259945
122.05	-37.71909290416971
122.10000000000001	-55.186972593593396
122.15	-71.13786049862131
122.2	-85.46406301695032
122.25	-97.36039661815528
122.3	-106.71551018506028
122.35000000000001	-113.20352174687636
122.4	-116.52422119597864
122.45	-116.74824524288641
122.5	-113.88760069380493
122.55	-107.89651943657114
122.60000000000001	-98.94834954195403
122.65	-87.59924238722084
122.7	-73.85711535920836
122.75	-58.14433306161948
122.8	-40.93558736279647
122.85000000000001	-22.686316157381384
122.9	-3.874810223216059
122.95	14.929250768599218
123.0	33.228285860047095
123.05	50.610277378370824
123.10000000000001	66.34236287290048
123.15	80.1893496583179
123.2	91.99633260811555
123.25	101.365753957592
123.3	107.83769571315923
123.35000000000001	111.54613603417494
123.4	112.01628900732499
123.45	109.44603024808328
123.5	103.9504622815324
123.55	95.53722683594975
123.60000000000001	84.41172754649045
123.65	71.14941987891245
123.7	55.644681114102866
123.75	38.49144008222481
123.8	20.21809476525209
123.85000000000001	1.3213414052583516
123.9	-17.693807063829922
123.95	-36.29662752139075
124.0	-53.98502337779723
124.05	-70.20582021030026
124.10000000000001	-84.44994187264678
124.15	-96.57948680763775
124.2	-106.06752929570382
124.25	-112.57924562750065
124.3	-116.15767382474371
124.35000000000001	-116.5659596084237
124.4	-113.82626022582684
124.45	-108.0062822484199
124.5	-99.30461597755442
124.55	-88.07750110833217
124.60000000000001	-74.51002157948665
124.65	-59.01971929706559
124.7	-41.779137945142224
124.75	-23.650691261798443
124.8	-4.936529009707215
124.85000000000001	13.86230563773097
124.9	32.21607489899975
124.95	49.46427775313566
125.0	65.34494238936242
125.05	79.26394073486676
125.10000000000001	91.19911793430049
125.15	100.66183295470444
125.2	107.26938528585868
125.25	110.92902509286188
125.3	111.65820817930381
125.35000000000001	109.22053465911762
125.4	103.90641218644743
125.45	95.80004487595966
125.5	85.02992009593476
125.55	71.80947211182314
125.60000000000001	56.57321193529083
125.65	39.50041311250078
125.7	21.280795104440926
125.75	2.4997769154463754
125.8	-16.593469332476047
125.85000000000001	-35.265711303322064
125.9	-52.961094611196245
125.95	-69.28607721142828
126.0	-83.79538567402255
126.05	-95.81029463676202
126.10000000000001	-105.4952957417475
126.15	-112.36217774710309
126.2	-116.0240967447327
126.25	-116.52501724781004
126.3	-113.98614161702233
126.35000000000001	-108.3953360883325
126.4	-99.94884348249792
126.45	-88.82924350696607
126.5	-75.40930596092721
126.55	-59.92961496217572
126.60000000000001	-42.94182784827353
126.65	-24.821671592728308
126.7	-6.04174762495478
126.75	12.6278140704909
126.8	30.876252159671537
126.85000000000001	48.40955536886429
126.9	64.3022337425059
126.95	78.42289154400868
127.0	90.34340979541656
127.05	99.78172933935053
127.10000000000001	106.67729587962884
127.15	110.47280286665222
127.2	111.35211720854238
127.25	109.15714533496583
127.3	104.04852633475451
127.35000000000001	95.98521796053217
127.4	85.26317687295222
127.45	72.26286368496147
127.5	57.088238599912415
127.55	40.27380396334297
127.60000000000001	22.26688057119543
127.65	3.3829133090756045
127.7	-15.660745259368753
127.75	-34.24907227936899
127.8	-51.97013044949222
127.85000000000001	-68.36732111341195
127.9	-82.86502906941917
127.95	-95.08246194901807
128.00000000000003	-104.80303310351917
128.05	-111.69994436438944
128.10000000000002	-115.59246287842456
128.14999999999998	-116.45147750401995
128.2	-113.99934652719762
128.25000000000003	-108.56786059054548
128.3	-100.30820454436235
128.35000000000002	-89.37276446336648
128.39999999999998	-76.10864003883466
128.45	-60.74459333139254
128.50000000000003	-43.84130339022897
128.55	-25.853409395838753
128.60000000000002	-7.325511220701173
128.64999999999998	11.351029031492999
128.7	29.634813924626087
128.75000000000003	46.95147331913847
128.8	63.081121303288796
128.85000000000002	77.32271418789645
128.89999999999998	89.37538795255023
128.95	99.11321161143053
129.00000000000003	106.08613580957041
129.05	110.24685417205126
129.10000000000002	111.23706551501681
129.14999999999998	109.23829911263937
129.2	104.25032901095295
129.25000000000003	96.28740740665114
129.3	85.59758673717954
129.35000000000002	72.670580929577
129.39999999999998	57.520562580247486
129.45	40.71088489686315
129.50000000000003	22.637305865378494
129.55	3.9225420673845974
129.60000000000002	-14.906066594088259
129.64999999999998	-33.48777721569547
129.7	-51.21071191673906
129.75000000000003	-67.50089973545016
129.8	-82.20722683000645
129.85000000000002	-94.36029612828332
129.89999999999998	-104.31328125109519
129.95	-111.54603589150452
130.00000000000003	-115.59762130980258
130.05	-116.49178383897669
130.10000000000002	-114.36522824003558
130.14999999999998	-109.12588254828523
130.2	-100.82169809582831
130.25000000000003	-89.97166131804732
130.3	-76.77939340846086
130.35000000000002	-61.606171115628854
130.39999999999998	-44.824803047724686
130.45	-26.892691803235493
130.50000000000003	-8.378386675120055
130.55	10.299064553957862
130.60000000000002	28.54501727734703
130.64999999999998	45.92473357833114
130.7	62.160595472459306
130.75000000000003	76.30682541784171
130.8	88.50490351391335
130.85000000000002	98.25796617373743
130.89999999999998	105.30550894453063
130.95	109.41507840730833
131.00000000000003	110.57974101391346
131.04999999999998	108.60258169119095
131.1	103.67293401187857
131.14999999999998	95.97695301145063
131.2	85.59734019122482
131.25	72.7968750458814
131.29999999999998	58.10122166617316
131.35	41.43995456060958
131.39999999999998	23.554627886168532
131.45	4.9456578619681295
131.5	-13.859164851979187
131.54999999999998	-32.48015826383505
131.6	-50.21680787404273
131.64999999999998	-66.52190690182294
131.7	-81.17898752055447
131.75	-93.54894244350504
131.79999999999998	-103.57154537130293
131.85	-110.74682996739182
131.89999999999998	-114.84985683760618
131.95	-115.87432673717501
132.0	-113.82595778735114
132.04999999999998	-108.77347264309572
132.1	-100.79771136565415
132.14999999999998	-90.07717293596596
132.2	-77.01649343820827
132.25	-61.9871398398227
132.29999999999998	-45.44487263793542
132.35	-27.659101828981306
132.39999999999998	-9.287743455470377
132.45	9.270748418308472
132.5	27.44437486276837
132.54999999999998	44.898227879089404
132.6	61.18336364082188
132.64999999999998	75.39130418621204
132.7	87.73197240999832
132.75	97.47450652271328
132.79999999999998	104.61641703837012
132.85	108.92101058994444
132.89999999999998	110.23909203081877
132.95	108.5024786495402
133.0	104.07744236645192
133.04999999999998	96.41406114374684
133.1	86.06905761631322
133.14999999999998	73.57736931107269
133.2	58.84580625902305
133.25	42.30005400945345
133.29999999999998	24.629286141912758
133.35	6.113754260371252
133.39999999999998	-12.79894764043729
133.45	-31.317582488507583
133.5	-49.01026741641232
133.54999999999998	-65.59232079156976
133.6	-80.2995526009139
133.64999999999998	-92.84451967925338
133.7	-102.95968277292536
133.75	-110.27445519913653
133.79999999999998	-114.60568372113755
133.85	-115.91659839498783
133.89999999999998	-114.06102175097661
133.95	-108.97825513398573
134.0	-101.12487383971893
134.04999999999998	-90.70286557049928
134.1	-77.72625807035882
134.14999999999998	-62.867220317459896
134.2	-46.44580323741991
134.25	-28.70559281333317
134.29999999999998	-10.384245240267774
134.35	8.104560173548919
134.39999999999998	26.362258776633894
134.45	43.88026435086266
134.5	60.14320080288928
134.54999999999998	74.34381348814605
134.6	86.76745635710517
134.64999999999998	96.66680873585699
134.7	104.01798247031968
134.75	108.46661135953076
134.79999999999998	110.0086596637044
134.85	108.485601144864
134.89999999999998	103.9418851766074
134.95	96.50497592876184
135.0	86.48686861138157
