mass_A
t	x
0.0	126.41675854465268
0.05000000000000002	125.56365692107107
0.09999999999999999	121.95721386489248
0.15	115.26111609671926
0.2	104.95136068206926
0.25	91.6374760418426
0.3	76.01284882221336
0.35000000000000003	58.67962580167574
0.4	39.72297973501662
0.45000000000000007	19.134378467077056
0.5000000000000001	-2.0085132929140173
0.5499999999999999	-22.466198765013928
0.6	-42.172058318035795
0.6499999999999999	-61.05112652512685
0.7	-78.3920582855954
0.75	-93.7058438872171
0.7999999999999999	-106.11251687397277
0.85	-115.82984511663227
0.8999999999999999	-122.64156800534494
0.9499999999999998	-126.66891046893426
0.9999999999999999	-127.34256492213768
1.05	-124.53940591491892
1.1	-118.68698295194594
1.1500000000000001	-110.15503418568585
1.2	-99.20189163203514
1.25	-85.38609211718824
1.3	-69.26618772842761
1.35	-51.64554340470522
1.4000000000000001	-33.14564465339237
1.45	-13.64654592267351
1.5	6.560539827207151
1.55	26.74767011469868
1.6	46.10213860181585
1.6500000000000001	64.07933209443837
1.7	80.52731522858465
1.75	95.24752618102849
1.8	107.58363631697688
1.85	116.71122358770214
1.9000000000000001	122.66607619568396
1.95	125.76954497585604
2.0000000000000004	125.76724763966996
2.05	122.33886105719108
2.0999999999999996	115.3327444764762
2.15	105.18809566744181
2.1999999999999997	92.59256563363436
2.25	77.66297853643249
2.3	60.21855989358431
2.3499999999999996	40.86832794928279
2.4	20.53439313558107
2.4499999999999997	0.17120261242439483
2.5	-20.363998477203324
2.55	-40.594706184768654
2.5999999999999996	-59.683273823972684
2.65	-76.92822688698988
2.6999999999999997	-91.9276776669621
2.75	-104.66069555587819
2.8	-114.96592395739316
2.8499999999999996	-122.18101606350024
2.9	-126.30343656685312
2.9499999999999997	-127.10867094606152
3.0	-124.96009624889274
3.05	-119.67154497881387
3.0999999999999996	-111.40311956513222
3.15	-100.27279284458206
3.1999999999999997	-86.72542646554461
3.25	-71.1165046350838
3.3	-54.057741537235756
3.3499999999999996	-35.24401745820336
3.4	-15.470716825215845
3.4499999999999997	4.607677561236812
3.5	24.418773462519482
3.55	43.6533786421499
3.5999999999999996	62.08056928138518
3.65	79.0812329678485
3.6999999999999997	93.73834159212862
3.75	105.80798099142618
3.8	115.3156934709719
3.8499999999999996	122.17734279723987
3.9	125.82191575405551
3.9499999999999997	125.76793198030629
3.9999999999999996	122.29008329262541
4.05	115.92460854361735
4.1000000000000005	106.66857531582565
4.15	94.2839284040952
4.2	79.17273551523073
4.25	61.99552486579165
4.3	43.376899837709004
4.3500000000000005	23.457813129746512
4.4	2.707394455442511
4.45	-18.24372176855053
4.5	-38.41096467171786
4.55	-57.37233535853443
4.6000000000000005	-74.79695332994584
4.65	-90.34925821509711
4.7	-103.62384628264539
4.75	-114.08720450611162
4.8	-121.45401701401244
4.8500000000000005	-125.85408802111891
4.9	-127.26746484609981
4.95	-125.41348673254043
5.0	-120.30528763489667
5.05	-112.22333019371615
5.1000000000000005	-101.54837633527035
5.15	-88.45728957578746
5.2	-73.20624476716262
5.25	-55.766009579798435
5.3	-37.05940120827182
5.3500000000000005	-17.496100951398034
5.4	2.3731076392347745
5.45	22.488963197242867
5.5	42.06163349487696
5.55	60.48971674805949
5.6000000000000005	77.18768036525108
5.65	92.12605801907199
5.7	104.59446942512119
5.75	114.65864676318625
5.8	121.60955385951576
5.8500000000000005	125.12284268213517
5.9	125.70967128858143
5.95	123.13442628593481
6.0	117.13161120248293
6.05	107.64293979125131
6.1000000000000005	95.5922547395233
6.15	80.86320239683852
6.2	63.81256502139132
6.25	45.35469062602937
6.3	25.390282983873533
6.3500000000000005	4.405006407129633
6.4	-16.12642364707284
6.45	-36.26448356162649
6.5	-55.63696410026466
6.55	-73.37207337516594
6.6000000000000005	-89.06536704609101
6.65	-102.15175718866811
6.7	-112.70918994654716
6.75	-120.61317722668275
6.8	-125.44582736553531
6.8500000000000005	-126.79113550652198
6.9	-125.04313557559232
6.95	-120.30500833170834
7.0	-112.6829854730891
7.05	-102.42748373203608
7.1000000000000005	-89.45566903664235
7.15	-74.16460635277048
7.2	-57.35143434012605
7.25	-39.407721335916165
7.3	-19.749539591074097
7.3500000000000005	0.3849063671933095
7.4	20.40892873199192
7.45	39.73903536031747
7.5	58.153886880323796
7.55	75.25709923962899
7.6000000000000005	90.48755990001001
7.65	103.38223014914053
7.7	113.39045386716026
7.75	120.5018785597237
7.8	124.74560411262638
7.8500000000000005	125.73933121446413
7.9	123.09139515112776
7.95	117.3405124343447
8.000000000000002	108.45701108232043
8.05	96.56920298579786
8.100000000000001	82.36696256441797
8.149999999999999	65.5593099549082
8.2	46.77014143821572
8.25	27.151619847761424
8.299999999999999	6.888279399803366
8.35	-13.864064382086951
8.399999999999999	-34.27172922746905
8.45	-53.51175837102397
8.5	-71.28407949304977
8.549999999999999	-87.18018392517183
8.6	-100.7163552902793
8.649999999999999	-111.83866591550884
8.7	-119.95902738983625
8.75	-124.54651236620111
8.799999999999999	-126.40440957993275
8.85	-125.45395497544325
8.899999999999999	-121.08450497823071
8.95	-113.5754910959381
9.0	-103.55261689437958
9.049999999999999	-90.92337345762274
9.1	-75.856877165213
9.149999999999999	-59.32785637830585
9.2	-40.9956641778482
9.25	-21.46457918904008
9.299999999999999	-1.6476076451656354
9.35	18.16630172208869
9.399999999999999	37.785646476261775
9.45	56.38472564297098
9.5	73.49872391367109
9.549999999999999	88.61542778626273
9.6	101.6129209460625
9.649999999999999	112.05157074029961
9.7	119.72416207454859
9.75	124.19166962027845
9.799999999999999	125.25889568409997
9.85	123.10777557949785
9.899999999999999	118.02250197469931
9.95	109.45258463218869
10.0	97.68442792109346
10.049999999999999	83.5174346372018
10.1	67.17522747035281
10.149999999999999	49.00168224282612
10.2	29.42455501206547
10.25	8.955171368392087
10.299999999999999	-11.643930099552279
10.35	-31.69583861944085
10.399999999999999	-50.83456150638273
10.45	-68.69981461077481
10.5	-84.82476779668855
10.549999999999999	-98.4576590034655
10.6	-109.71427852181722
10.649999999999999	-118.1085067586967
10.7	-123.56280201205578
10.75	-125.86990985006611
10.799999999999999	-124.87821389894589
10.85	-120.65854910842154
10.899999999999999	-113.71729483898082
10.95	-103.97424265977946
11.0	-91.53597061416349
11.049999999999999	-76.75673337156206
11.1	-60.22342403039585
11.149999999999999	-42.40358066295289
11.2	-23.417846520344312
11.25	-3.612575070419382
11.299999999999999	16.365954635986725
11.35	36.02033313378598
11.399999999999999	54.45009077656215
11.45	71.57394723826775
11.5	87.08731588974416
11.549999999999999	100.38641368587338
11.6	111.00288894634429
11.649999999999999	118.75450003950817
11.7	123.53146907040701
11.75	125.03666254163232
11.799999999999999	123.29206106402597
11.85	118.29746774505082
11.899999999999999	109.98533574482957
11.95	98.69682173638972
12.0	85.11797144906456
12.049999999999999	68.87234324911668
12.1	50.47696483225724
12.149999999999999	31.169375067662656
12.2	11.049570350678835
12.25	-9.63554338340299
12.299999999999999	-29.77647817444091
12.35	-49.20527998742676
12.399999999999999	-67.35303628718617
12.45	-83.5156057741504
12.5	-97.55678239492204
12.549999999999999	-109.22761448044793
12.6	-117.88043363511497
12.649999999999999	-123.41456968033918
12.7	-125.94020054423135
12.75	-125.49670543239625
12.799999999999999	-121.69875745024717
12.85	-115.04024400595125
12.899999999999999	-105.50846739766484
12.95	-93.4011197485292
13.0	-78.943644875301
13.049999999999999	-62.72435277991286
13.1	-44.74289602402581
13.149999999999999	-25.641795281604516
13.2	-5.931802729342678
13.25	13.933454164002626
13.299999999999999	33.57968385857026
13.35	52.25818969527273
13.399999999999999	69.70538409662464
13.45	85.30691988357586
13.5	98.59581777620411
13.549999999999999	109.57217758183339
13.6	117.82448227702736
13.649999999999999	122.8070501697519
13.7	124.415066413126
13.75	122.97827974535113
13.799999999999999	118.40767860518844
13.85	110.51551579111953
13.899999999999999	99.53822853891535
13.95	86.0450855632435
14.0	70.13169534304637
14.049999999999999	52.35213019089821
14.1	33.17717859913097
14.149999999999999	12.870869625448961
14.2	-7.77135139552928
14.25	-27.911324531015396
14.299999999999999	-47.24746373107547
14.35	-65.538823822383
14.399999999999999	-81.94441120128437
14.45	-96.13994648540432
14.5	-107.9572070184534
14.549999999999999	-116.77088954397584
14.6	-122.72580501126697
14.649999999999999	-125.6938234988437
14.7	-125.46088461532594
14.75	-121.89473569653114
14.799999999999999	-115.56778840643636
14.85	-106.38820976235172
14.899999999999999	-94.56462292080619
14.95	-80.44906879270815
15.0	-64.18879076346565
15.049999999999999	-46.548892691936544
15.1	-27.864103090859373
15.149999999999999	-8.181699509638804
15.2	11.739165615947229
15.25	31.307492372873355
15.299999999999999	49.752085909856135
15.35	67.35760593936385
15.399999999999999	83.10383221432022
15.45	96.80426856809214
15.5	108.02767838656831
15.549999999999999	116.54057687813366
15.6	121.70176443515226
15.649999999999999	124.00031686940571
15.7	123.15890102327461
15.75	118.62365635533803
15.799999999999999	110.9986494205287
15.85	100.59611164438314
15.899999999999999	87.18576067978125
15.949999999999998	71.55159980079083
15.999999999999998	54.087805824665395
16.049999999999997	34.67000561924414
16.1	14.514109715195502
16.15	-5.659452828419603
16.2	-26.039443035305112
16.249999999999996	-45.57710151199609
16.299999999999997	-63.69686207408796
16.349999999999998	-80.33828335917019
16.400000000000002	-94.87755160932755
16.45	-106.74512680225706
16.5	-116.03693914147578
16.55	-122.40108609498446
16.6	-125.47115657257638
16.650000000000002	-125.46740590632106
16.7	-122.62929313448046
16.75	-116.56337362074163
16.8	-107.60590945581214
16.85	-96.00022851518042
16.900000000000002	-81.82389144202659
16.95	-65.8560799074416
17.0	-48.322054882423856
17.05	-29.645386836241187
17.1	-10.115699798807839
17.150000000000002	9.455499278212812
17.2	28.822125147023428
17.25	47.57399586792195
17.3	65.28250716167355
17.35	81.32999772532395
17.400000000000002	95.22908907336006
17.45	106.45354463686232
17.5	115.33135532554644
17.55	121.36224227299778
17.6	123.54067861508605
17.650000000000002	122.58626641237612
17.7	118.77199023850466
17.75	111.57486226428142
17.8	101.29293340737178
17.85	88.58657578976641
17.900000000000002	73.1462580878295
17.95	55.57517161860284
18.0	36.93743247517028
18.05	17.076373581921814
18.1	-3.5836029199542168
18.150000000000002	-23.806208386166077
18.2	-43.165193524534345
18.25	-61.66104988778062
18.3	-78.5351824286268
18.35	-93.39499581152779
18.400000000000002	-105.66207327506442
18.45	-115.09328612970882
18.5	-121.70165452101747
18.55	-125.40224176741873
18.6	-125.80128838261749
18.650000000000002	-123.00516111253484
18.7	-117.17905831450457
18.75	-108.6623579178463
18.8	-97.57130706398817
18.85	-83.73716886486335
18.900000000000002	-67.84782046753622
18.95	-50.586036551669565
19.0	-31.965527055275913
19.05	-12.6630303460949
19.1	6.9755641976470315
19.150000000000002	26.90422831008931
19.2	45.68589863585163
19.25	63.23387100807071
19.3	79.3489852757379
19.35	93.4297010816735
19.400000000000002	105.35633283532326
19.45	114.26086040274487
19.5	120.31755983410932
19.55	123.17606175530597
19.6	122.88447684090778
19.650000000000002	119.34052128446598
19.7	112.35670741260611
19.75	102.39960792957521
19.8	89.9491197908091
19.85	74.96793243543726
19.900000000000002	57.708970499142254
19.95	38.89128498420979
20.0	19.11072615293898
20.05	-1.3193931195634718
20.1	-21.54433336952468
20.150000000000002	-41.12885102092099
20.2	-59.85177456738336
20.25	-76.63577371405262
20.3	-91.49079914885124
20.35	-104.03667118939762
20.400000000000002	-113.71715760354624
20.45	-120.55474773761296
20.5	-124.41088566089923
20.55	-125.22063218126328
20.6	-122.83789531906342
20.650000000000002	-117.49913375721559
20.7	-109.37845984644781
20.75	-98.39606256524468
20.8	-84.81077890888963
20.85	-69.45072931866878
20.900000000000002	-52.4300024853614
20.95	-34.02732675494508
21.0	-14.5419462019442
21.05	5.132971456292751
21.1	24.482916364356072
21.150000000000002	43.38002530487785
21.2	61.32281175817508
21.25	77.4448496576619
21.3	91.57966000394373
21.35	103.5410961741498
21.400000000000002	112.70824573815804
21.45	118.93322499258949
21.5	122.4415006005201
21.55	122.42018372270519
21.6	118.9648383423617
21.650000000000002	112.57831086912364
21.7	103.2989950262101
21.75	90.83724595143468
21.8	75.99518556537356
21.85	59.245751394222964
21.900000000000002	40.64402394931966
21.95	21.099417703347456
22.0	0.9740400934674085
22.05	-19.40613535341373
22.1	-39.22409522386681
22.150000000000002	-57.6781028141375
22.2	-74.63565223061192
22.25	-89.78859776576388
22.3	-102.5110789067308
22.35	-112.45542663594341
22.400000000000002	-119.66014841100093
22.45	-123.6656994835086
22.5	-124.82940927810847
22.55	-122.8857222987063
22.6	-117.5871950736169
22.650000000000002	-109.63492447904417
22.7	-99.15834232834669
22.75	-85.88754524205632
22.8	-70.69195473914039
22.85	-53.934314104363864
22.900000000000002	-35.626361367444076
22.95	-16.42876876702593
23.0	2.838696438633235
23.05	22.32433530189877
23.1	41.46192353571445
23.150000000000002	59.3221664896393
23.2	75.48172169260903
23.25	90.04704735844922
23.3	102.32758241581797
23.35	111.948086918309
23.400000000000002	118.5978429587363
23.45	122.23153849451529
23.5	122.44189098471765
23.55	119.57696622579039
23.6	113.51988930191175
23.650000000000002	104.27380851903223
23.7	92.12901196027639
23.75	77.75372427747931
23.8	61.28621069983063
23.85	42.84963646154114
23.900000000000002	23.318561276285607
23.95	3.2564076625041594
24.0	-16.99265704826206
24.05	-36.61070670580017
24.1	-55.17672247938043
24.150000000000002	-72.52743072909294
24.2	-87.79117452384378
24.25	-100.53810832015847
24.3	-110.96038873216065
24.35	-118.58028636551501
24.400000000000002	-122.88628470736961
24.45	-124.3564809711088
24.5	-122.905961886905
24.55	-117.87752412179515
24.6	-110.03752521594089
24.650000000000002	-99.70732254397069
24.7	-86.83123155089726
24.75	-71.74711602343001
24.8	-55.15324240995767
24.85	-37.37849919465526
24.900000000000002	-18.36995062491104
24.95	0.9591315361064403
25.0	20.566484120315124
25.05	39.61134293530648
25.1	57.37143912085179
25.150000000000002	73.84746050545579
25.2	88.5907385351224
25.25	100.88652097133246
25.3	110.44330364170031
25.35	117.58301273328294
25.400000000000002	121.54126767764757
25.45	122.21201144104867
25.5	119.74140189821657
25.55	114.01657275947338
25.6	105.05360267251757
25.650000000000002	93.57664029626136
25.7	79.44552150551982
25.75	62.789987856236905
25.8	44.71194323257765
25.85	25.519819320562135
25.900000000000002	5.271644984535328
25.95	-14.918328234405351
26.0	-34.50014706877636
26.05	-53.26484307459583
26.1	-70.68031459675626
26.150000000000002	-85.90056539256108
26.2	-99.04777184088715
26.25	-109.69500582766415
26.3	-117.4683968909132
26.35	-122.2053419312548
26.400000000000002	-124.23300958912267
26.45	-122.81132160055012
26.5	-118.06365789067894
26.55	-110.74167077145631
26.6	-100.7458627965504
26.650000000000002	-87.95951809402749
26.7	-73.2309957285326
26.75	-57.116270180544745
26.8	-39.33432982533657
26.85	-20.34509637084244
26.900000000000002	-1.1649953723033946
26.95	18.181602129877717
27.0	37.4410800798733
27.05	55.43629174630638
27.1	71.99954058115753
27.150000000000002	86.97050163822183
27.2	99.55130400078252
27.25	109.51183961474413
27.3	116.87713573888476
27.35	121.1015934800892
27.400000000000002	122.1649515524586
27.45	120.14991122283465
27.5	114.82187982581678
27.55	106.25596913405803
27.6	94.75493735225592
27.650000000000002	80.73742971991618
27.7	64.55156827139064
27.75	46.85803378928955
27.8	27.68229077809343
27.85	7.576658557503549
27.900000000000002	-12.628541311796596
27.95	-32.257408062541515
28.0	-51.247624803547865
28.05	-68.64627544395773
28.1	-84.15841011583382
28.150000000000002	-97.67968054569349
28.2	-108.63653678719072
28.25	-116.66342295543262
28.3	-121.63360125767639
28.35	-123.6190698082126
28.400000000000002	-122.61024710363478
28.45	-118.38754419768435
28.5	-111.40236700419274
28.55	-101.6405368814485
28.6	-89.33258144123289
28.650000000000002	-74.7311739982577
28.7	-58.432870688620426
28.75	-40.805139305915645
28.8	-22.164203484410052
28.85	-2.892263245895606
28.900000000000002	16.622667882683174
28.95	35.58322223273882
29.0	53.643564445501
29.05	70.41859168345724
29.1	85.28234840853753
29.150000000000002	98.2132093240985
29.2	108.59532334392901
29.25	116.15009726604347
29.3	120.61332939527762
29.35	122.11859776913542
29.400000000000002	120.31157172912327
29.45	115.18930655207015
29.5	107.0627158508999
29.55	96.11025485461579
29.6	82.48930267694908
29.650000000000002	66.51031258640268
29.7	48.762468009585916
29.75	29.65188205624628
29.8	9.76061024694144
29.85	-10.42419231041896
29.900000000000002	-30.2220037590983
29.95	-49.137380559770975
30.0	-66.6910410303513
30.05	-82.45216826708975
30.1	-96.06344543884643
30.150000000000002	-107.1587762470403
30.2	-115.57382071385348
30.25	-120.96709526223816
30.3	-123.30434712491177
30.35	-122.54814435098814
30.400000000000002	-118.76489005911401
30.45	-112.06273207217924
30.5	-102.34166141405865
30.55	-90.39114404081175
30.6	-76.47890904408979
30.650000000000002	-60.47012787288611
30.7	-42.68403416267944
30.75	-24.219132447358675
30.8	-5.185205921169256
30.85	14.282459564568569
30.900000000000002	33.3817389303004
30.95	51.40689002756545
31.0	68.34695466737054
31.05	83.52971283738049
31.1	96.44332544646971
31.150000000000002	107.19159427186702
31.2	115.01681133459164
31.25	119.84596891873667
31.3	121.41854423882017
31.35	120.01965669440818
31.400000000000002	115.35115422581958
31.45	107.5474594780755
31.5	96.89997269922338
31.55	83.55663628286908
31.6	67.87466566469249
31.650000000000002	50.459463526129696
31.7	31.613934157637743
31.75	11.657481052813807
31.8	-8.343032585658136
31.85	-28.14251703265751
31.900000000000002	-47.35241691505695
31.95	-64.95760429597567
32.00000000000001	-80.72960405989477
32.05	-94.60947219420046
32.099999999999994	-105.8864387544096
32.150000000000006	-114.43418187017
32.2	-120.26069032398959
32.25000000000001	-122.77559029916995
32.3	-122.50583601003336
32.349999999999994	-119.0388200350223
32.400000000000006	-112.55665942534074
32.45	-103.38886587639337
32.50000000000001	-91.69280709237023
32.55	-77.72331554096758
32.599999999999994	-61.91708795718699
32.650000000000006	-44.533257681115856
32.699999999999996	-26.12912668216353
32.75000000000001	-7.153037082443404
32.8	12.244604016271012
32.849999999999994	31.320098440060235
32.9	49.546705258491386
32.949999999999996	66.53576246856466
33.0	81.82483903275994
33.05	94.99429276873576
33.099999999999994	105.75605170267903
33.15	113.85540569375831
33.199999999999996	118.88943793343611
33.25	120.7851488507684
33.3	119.60257672920017
33.349999999999994	115.2855513999138
33.4	107.73688250449146
33.449999999999996	97.3610686559818
33.5	84.45213807532883
33.55	69.29975876332134
33.599999999999994	51.95811550715149
33.65	33.43312711441325
33.699999999999996	13.710804486219388
33.75	-6.251109793271382
33.8	-25.980653652224873
33.849999999999994	-44.93222557897792
33.9	-62.649268846631855
33.949999999999996	-78.47996026170716
34.0	-92.5469551688276
34.05	-104.26357292637317
34.099999999999994	-113.28699312938835
34.15	-119.49556145520916
34.199999999999996	-122.47704368437485
34.25	-122.53516556786371
34.3	-119.47401693162197
34.349999999999994	-113.3335859750577
34.4	-104.56061504164035
34.449999999999996	-93.27463495232507
34.5	-79.61552105652368
34.55	-64.22205517240468
34.599999999999994	-47.17376396867479
34.65	-28.756103912240235
34.699999999999996	-9.691268529847378
34.75	9.50708562428332
34.8	28.575602149876488
34.849999999999994	47.126616884560406
34.9	64.27014757199657
34.949999999999996	79.75771474485856
35.0	93.27924391270966
35.05	104.25964117290772
35.099999999999994	112.63481466802949
35.15	118.31032995903416
35.199999999999996	120.53627812446717
35.25	119.65425627139228
35.3	115.7332687543182
35.349999999999994	108.57412462294866
35.4	98.49078919074014
35.449999999999996	86.08310113489262
35.5	71.12363681848655
35.55	54.19462782833733
35.599999999999994	35.70736573559776
35.65	16.139644647054354
35.699999999999996	-3.8891103506558125
35.75	-23.482497193146628
35.8	-42.353448896750706
35.849999999999994	-60.36852431048925
35.9	-76.68516308567752
35.949999999999996	-90.81565698317905
36.0	-102.72326454475342
36.05	-112.02476234277333
36.099999999999994	-117.95869115108223
36.15	-121.26897457229023
36.199999999999996	-121.71155628665952
36.25	-118.84391184368798
36.3	-112.98880365274886
36.349999999999994	-104.62336114100606
36.4	-93.46365030103459
36.449999999999996	-79.96512651806478
36.5	-64.73135944382989
36.55	-47.774618965662114
36.599999999999994	-29.628043830012302
36.65	-10.741572595758385
36.699999999999996	8.44652967105759
36.75	27.42975144251551
36.8	45.826492216924464
36.849999999999994	62.79781732397038
36.9	78.2760723681327
36.949999999999996	91.77110695625828
37.0	102.95805565113227
37.05	111.86792817592692
37.099999999999994	117.62812091677159
37.15	120.3848690672948
37.199999999999996	119.91363782378875
37.25	116.20773044124218
37.3	109.42395808330986
37.349999999999994	99.64914795381782
37.4	87.33131707162698
37.449999999999996	72.6089066551545
37.5	55.8439766654663
37.55	37.54504143910668
37.599999999999994	18.26904029235999
37.65	-1.6438533301683833
37.699999999999996	-21.40430040885991
37.75	-40.464908257400396
37.8	-58.45904093488622
37.849999999999994	-74.94587004079648
37.9	-89.28601902182118
37.949999999999996	-101.42582751144084
38.0	-110.85523073054839
38.05	-117.47456881338809
38.099999999999994	-121.12985878922802
38.15	-121.74327729782055
38.199999999999996	-119.28836975698556
38.25	-113.79775265374354
38.3	-105.63306553579446
38.349999999999994	-94.69115541921968
38.4	-81.57856495818629
38.449999999999996	-66.68317264988553
38.5	-49.99209283806084
38.55	-31.82240719158142
38.599999999999994	-13.09699960772167
38.65	5.874445109589999
38.699999999999996	24.819728206821367
38.75	43.28866004197636
38.8	60.56365936312642
38.849999999999994	76.38644437723411
38.9	90.29487714283829
38.949999999999996	101.69956358988935
39.0	110.5385214668907
39.05	116.60371326875844
39.099999999999994	119.53826406080788
39.15	119.46877607469395
39.199999999999996	116.2710172368208
39.25	109.81157386483386
39.3	100.35937007138631
39.349999999999994	88.3222514168238
39.4	73.89448016120656
39.449999999999996	57.29951092374705
39.5	39.173833766580685
39.55	19.89921162532943
39.599999999999994	0.09059333198291597
39.65	-19.586142874213976
39.699999999999996	-38.67359545020639
39.75	-56.784327187411805
39.8	-73.34493026536427
39.849999999999994	-87.79725206526973
39.9	-100.13874148186954
39.949999999999996	-109.81650711605346
40.0	-116.58805319193124
40.05	-120.54456786763853
40.099999999999994	-121.53291214389816
40.15	-119.3509403949231
40.199999999999996	-114.26615564528566
40.25	-106.4689412703849
40.3	-95.77272018057795
40.349999999999994	-82.82313414692658
40.4	-68.10356930637232
40.449999999999996	-51.59332600072236
40.5	-33.646910136848874
40.55	-15.063522613729958
40.599999999999994	4.187575468271632
40.65	23.253150402353924
40.699999999999996	41.68615667639784
40.75	59.074668583770006
40.8	75.0768107624612
40.849999999999994	89.19550875374063
40.9	100.74690398775266
40.949999999999996	109.79826264595505
41.0	116.15304340858762
41.05	119.47536487871201
41.099999999999994	119.67007982068145
41.15	116.69983233303861
41.199999999999996	110.58361683364711
41.25	101.48527338698369
41.3	89.54502287897645
41.349999999999994	75.43904580264456
41.4	59.1800196873607
41.449999999999996	41.21518903864484
41.5	22.26802705460483
41.55	2.5622251708255703
41.599999999999994	-17.26866658864452
41.65	-36.51877132466592
41.699999999999996	-54.6659691992715
41.75	-71.39813987694453
41.8	-86.15407396343471
41.849999999999994	-98.62871335913206
41.9	-108.640657702787
41.949999999999996	-115.82310602937571
42.0	-120.00919250799097
42.05	-121.23888118919041
42.099999999999994	-119.55411339013375
42.15	-114.67754004324405
42.199999999999996	-107.01852766991465
42.25	-96.71305536765868
42.3	-84.26137498595125
42.349999999999994	-69.57352646047434
42.4	-53.286470030508156
42.449999999999996	-35.58288433311651
42.5	-16.788184706149593
42.55	2.274670992074391
42.599999999999994	21.20287058184823
42.65	39.62433376385462
42.699999999999996	57.22117950443777
42.75	73.20967356694354
42.8	87.31082191872503
42.849999999999994	99.41687598956611
42.9	108.67469348621438
42.949999999999996	115.26263583448252
43.0	118.91070931146152
43.05	119.3378544309698
43.099999999999994	116.58144395175242
43.15	110.83288315466513
43.199999999999996	102.0946337398488
43.25	90.51278035635727
43.3	76.68060911189383
43.349999999999994	60.578017682368966
43.4	42.780105789502784
43.449999999999996	23.74201347354409
43.5	4.244655968373479
43.55	-15.452181978525005
43.599999999999994	-34.63780821980134
43.65	-52.78724280786116
43.699999999999996	-69.61425812808886
43.75	-84.56656116668904
43.8	-97.35096351542205
43.849999999999994	-107.57659697915886
43.9	-115.15232211360939
43.949999999999996	-119.68292829884763
44.0	-121.14125412457759
44.05	-119.72043481882844
44.099999999999994	-115.28617908617167
44.15	-107.8836517060227
44.199999999999996	-97.94887263280577
44.25	-85.59190362165896
44.3	-71.26655593687815
44.349999999999994	-55.16240754013023
44.4	-37.731968709276146
44.449999999999996	-19.280782211088592
44.5	-0.361884485908206
44.55	18.43853816713232
44.599999999999994	37.10789927428533
44.65	54.79098129186383
44.699999999999996	70.68177051313393
44.75	85.11897879496047
44.8	97.43694245173089
44.849999999999994	107.10231587422646
44.9	113.9607881849584
44.949999999999996	118.22779979661487
45.0	119.07565520459553
45.05	116.76698429808908
45.099999999999994	111.48836260571676
45.15	103.13701489355009
45.199999999999996	91.80002727923062
45.25	78.19659414950826
45.3	62.4388567820634
45.349999999999994	44.765142281056285
45.4	25.912064073696286
45.449999999999996	6.3383042776319485
45.5	-13.467948684879218
45.55	-32.851102773638274
45.599999999999994	-51.04589672362198
45.65	-67.85431190935401
45.699999999999996	-82.95064507625813
45.75	-95.68895372998634
45.8	-106.3196906539469
45.849999999999994	-114.15678605854276
45.9	-119.09526962519942
45.949999999999996	-120.82036361274174
46.0	-119.72200728079872
46.05	-115.58029838552756
46.099999999999994	-108.41861436769648
46.15	-98.84944306216556
46.199999999999996	-86.74304717939765
46.25	-72.43113940116899
46.3	-56.577792259806245
46.349999999999994	-39.32911149240908
46.4	-20.89356863203244
46.449999999999996	-1.867085619215402
46.5	17.096024522229243
46.55	35.72233956900112
46.599999999999994	53.246254125130406
46.65	69.4836463899174
46.699999999999996	84.03325914667488
46.75	96.37135581509739
46.8	106.32561873660023
46.849999999999994	113.72331000455637
46.9	117.87778158907798
46.949999999999996	118.94624048073393
47.0	117.13205948664796
47.05	112.18610987536618
47.099999999999994	104.04678984561093
47.15	93.18563745089153
47.199999999999996	79.66932834023402
47.25	64.03888463333777
47.3	46.583582928746466
47.349999999999994	27.941715966610957
47.4	8.37444043940792
47.449999999999996	-11.417961002089498
47.5	-30.669656445600083
47.55	-49.12913838828683
47.599999999999994	-66.35832910933652
47.65	-81.82188903315358
47.699999999999996	-94.98935016381989
47.75	-105.6571093403486
47.8	-113.60694731518089
47.849999999999994	-118.67683349897715
47.9	-120.7863546700683
47.949999999999996	-119.74784245898621
48.0	-115.72735822153498
48.05	-108.95451061047771
48.099999999999994	-99.41910694502388
48.15	-87.59070260162576
48.199999999999996	-73.33766606011989
48.25	-57.577530491369146
48.3	-40.42539647470534
48.349999999999994	-22.042976343131954
48.4	-3.2290935009907002
48.449999999999996	15.511202085960406
48.5	34.11694278495514
48.55	51.97367063708367
48.599999999999994	68.31209488798089
48.65	82.65969930036368
48.699999999999996	95.30967251959129
48.75	105.33560339012735
48.8	112.64698659811216
48.849999999999994	117.2471891599244
48.9	118.62600154921921
48.949999999999996	116.65605675020453
49.0	111.9222200603636
49.05	104.18368549794383
49.099999999999994	93.46317468145304
49.15	80.2573848924763
49.199999999999996	65.13585921110342
49.25	47.943799277148685
49.3	29.390753124547757
49.349999999999994	10.238761800318855
49.4	-9.494740983251404
49.449999999999996	-28.811587486914334
49.5	-47.22449858850979
49.55	-64.50980540568116
49.599999999999994	-79.86021590052172
49.65	-93.32327085178997
49.699999999999996	-104.30783752085205
49.75	-112.6030985283283
49.8	-117.77777402491864
49.849999999999994	-120.04357023826304
49.9	-119.47455449570191
49.949999999999996	-115.75127409405434
50.0	-109.28306313091889
50.05	-100.29815598007212
50.099999999999994	-88.67642417721186
50.15	-74.69790192152499
50.199999999999996	-59.19314930194952
50.25	-42.00270982819825
50.3	-23.745671092497844
50.349999999999994	-5.282695454585905
50.4	13.755248147820282
50.449999999999996	32.23894056538194
50.5	49.94131578258913
50.55	66.23536112799803
50.599999999999994	81.23252189840338
50.65	94.08981815707699
50.699999999999996	104.19639596728467
50.75	112.00421655459974
50.8	116.91266735783694
50.849999999999994	118.31374656358304
50.9	117.00779605269037
50.949999999999996	112.65465473938167
51.0	104.93197150535178
51.05	94.55118816326245
51.099999999999994	81.89011252275367
51.15	66.55444799343542
51.199999999999996	49.50518322319937
51.25	31.273040685449416
51.3	12.041118167622301
51.349999999999994	-7.591025612823387
51.4	-26.722126374079778
51.449999999999996	-45.25851179561624
51.5	-62.709790471948054
51.55	-78.17082198444547
51.599999999999994	-91.69024894667234
51.65	-102.93243764378366
51.699999999999996	-111.39999476063724
51.75	-116.86980134686837
51.8	-119.5328187492807
51.849999999999994	-119.24395099164104
51.9	-115.80816754091927
51.949999999999996	-109.68739609543121
52.0	-100.91007616014559
52.05	-89.44229360971786
52.099999999999994	-75.8512635796016
52.15	-60.58744708502559
52.199999999999996	-43.661534874388565
52.25	-25.659482394961003
52.3	-7.346123621902279
52.349999999999994	11.524588532254995
52.4	30.19570789700407
52.449999999999996	47.9852274385259
52.5	64.3904876149034
52.55	79.53355333808969
52.599999999999994	92.32462777565075
52.65	102.7341818221467
52.699999999999996	110.72033404111181
52.75	115.7063911143876
52.8	117.48537840959358
52.849999999999994	116.38207973213406
52.9	112.28962692137492
52.949999999999996	105.02162368508544
53.0	95.22491387460656
53.05	82.67894464548982
53.099999999999994	67.59004938133393
53.15	50.87692268567622
53.199999999999996	32.73656338178506
53.25	13.258828234170494
53.3	-6.223739653194173
53.349999999999994	-25.164709578934833
53.4	-43.92269010226937
53.449999999999996	-61.26311186167857
53.5	-76.63332321868711
53.55	-90.35788469696604
53.599999999999994	-101.95503969195056
53.65	-110.3135973135943
53.699999999999996	-116.27946857094707
53.75	-119.45608614163854
53.8	-119.2081580730831
53.849999999999994	-116.14622810531483
53.9	-110.49830580800887
53.949999999999996	-101.86584693716293
54.0	-90.66000104925291
54.05	-77.60618039756747
54.099999999999994	-62.40067480815668
54.15	-45.65014174525862
54.199999999999996	-27.932266037230818
54.25	-9.450661010065403
54.3	9.480086722611247
54.349999999999994	27.882511444642148
54.4	45.378208961437224
54.449999999999996	62.08665006925918
54.5	77.33091738871423
54.55	90.17970271258861
54.599999999999994	101.01989174813338
54.65	109.4077987628213
54.699999999999996	114.49621264402691
54.75	116.79311004206062
54.8	116.1559234880852
54.849999999999994	112.23690528162666
54.9	105.38699189829987
54.949999999999996	95.82144301528848
55.0	83.46026758381953
55.05	68.80523905615058
55.099999999999994	52.35321323778106
55.15	34.37700036298196
55.199999999999996	15.380454420371109
55.25	-3.942220592998126
55.3	-23.100693702739306
55.349999999999994	-41.949806181112876
55.4	-59.38286785122028
55.449999999999996	-75.12607388576401
55.5	-89.28086335447625
55.55	-100.63324809914906
55.599999999999994	-109.41094933116949
55.65	-115.70339847112024
55.699999999999996	-118.73149484515602
55.75	-118.93714941813965
55.8	-116.44144834210232
55.849999999999994	-111.04891828245087
55.9	-102.41746666215539
55.949999999999996	-91.84148895185348
56.0	-78.7606268575122
56.05	-63.64988175457489
56.099999999999994	-47.30135273574666
56.15	-29.7738869739739
56.199999999999996	-11.182175908368208
56.25	7.573145805928391
56.3	25.912178006608144
56.349999999999994	43.77856483459033
56.4	60.64752217748793
56.449999999999996	75.75425572549176
56.5	89.10241197587055
56.55	100.49688703658904
56.599999999999994	108.95585658417787
56.65	114.51946493839358
56.699999999999996	117.32515265327294
56.75	117.11297498365894
56.8	113.614891043907
56.849999999999994	107.284648224141
56.9	97.8425231676652
56.949999999999996	85.53207580620466
57.0	71.20996715831183
57.05	54.79104230676393
57.099999999999994	36.91716644381671
57.15	18.081816072993604
57.199999999999996	-1.302474033672695
57.25	-20.6084723718472
57.3	-39.23373903909504
57.349999999999994	-57.097752840145006
57.4	-73.27700465625287
57.449999999999996	-87.42096990274166
57.5	-99.37470613286115
57.55	-108.56992322698585
57.599999999999994	-114.86058138222933
57.65	-118.38020580807506
57.699999999999996	-118.88508235428537
57.75	-116.26572577947297
57.8	-111.18482552887866
57.849999999999994	-103.28666566936312
57.9	-92.64989525745216
57.949999999999996	-79.78205029650877
58.0	-65.13438197274837
58.05	-48.700227033979274
58.099999999999994	-30.990814293555957
58.15	-12.555360771684093
58.199999999999996	6.195854446934334
58.25	25.091570584567023
58.3	43.090251032819026
58.349999999999994	59.98490996884249
58.4	75.4747143387172
58.449999999999996	89.04038782424351
58.5	100.26938698294049
58.55	109.13124670032101
58.599999999999994	115.13122348287567
58.65	117.87221457639663
58.699999999999996	117.52732403265287
58.75	114.17163726841778
58.8	107.55523207171706
58.849999999999994	98.22065554462114
58.9	86.28800570603181
58.949999999999996	71.7850922512468
59.0	55.41854747253893
59.05	37.677683249652944
59.099999999999994	18.599292848486186
59.15	-0.758838756548414
59.199999999999996	-20.030860537209662
59.25	-38.78027183744757
59.3	-56.410983092155504
59.349999999999994	-72.52684428343497
59.4	-86.6043216524128
59.449999999999996	-98.48465364235483
59.5	-107.84851412745917
59.55	-114.39542950849687
59.599999999999994	-118.0694494151079
59.65	-118.62751835149857
59.699999999999996	-116.44281408044446
59.75	-111.30822249290179
59.8	-103.36207594217313
59.849999999999994	-93.11602978443909
59.9	-80.45441714448054
59.949999999999996	-65.67235096952737
60.0	-49.43024958290874
60.05	-31.831519750577343
60.099999999999994	-13.485653203178686
60.15	5.194759760681393
60.199999999999996	23.920070582703204
60.25	42.138368051550344
60.3	59.11864281000254
60.349999999999994	74.4875332076561
60.4	88.22796999831104
60.449999999999996	99.65374572506158
60.5	108.44526109915097
60.55	114.51080481146408
60.599999999999994	117.6657693836849
60.65	117.5941778994914
60.699999999999996	114.35893663090911
60.75	108.27996927162536
60.8	99.19226577916066
60.849999999999994	87.42367867234663
60.9	73.26993132089916
60.949999999999996	57.32564213336428
61.0	39.58630778354694
61.05	20.750464027309306
61.099999999999994	1.395163333939479
61.15	-17.982391325617243
61.199999999999996	-36.66851342348832
61.25	-54.41929965221618
61.3	-70.64490902020992
61.349999999999994	-84.96154696043715
61.4	-97.22202113148677
61.449999999999996	-106.8379092334568
61.5	-113.54564452992315
61.55	-117.56917256120016
61.599999999999994	-118.50833752902457
61.65	-116.52205308110564
61.699999999999996	-111.66425652915672
61.75	-104.12687247566686
61.8	-93.84063514087853
61.849999999999994	-81.43315169463835
61.9	-66.98137271570226
61.949999999999996	-50.72320017190253
62.0	-33.34870118754435
62.05	-15.333099791165978
62.099999999999994	3.4037701242331764
62.15	22.199278567433282
62.199999999999996	40.28810213745129
62.25	57.36872947476337
62.3	73.17481286051787
62.349999999999994	86.79596772018141
62.4	98.4148912759153
62.449999999999996	107.59636228706785
62.5	113.91283862817983
62.55	117.1937900649105
62.599999999999994	117.59836960842364
62.65	114.80112150431506
62.699999999999996	108.72951644335564
62.75	99.97408604961657
62.8	88.524351251096
62.849999999999994	74.54284702826914
62.9	58.60669212460897
62.949999999999996	41.20522988252054
63.0	22.463598310936447
63.05	3.277437795297203
63.099999999999994	-15.888323819787047
63.15	-34.73041105581291
63.199999999999996	-52.512555857681036
63.25	-68.7319649347184
63.3	-83.27254492521274
63.349999999999994	-95.7237690024183
63.4	-105.51790865803565
63.449999999999996	-112.61663617024459
63.5	-116.90324018525195
63.55	-118.05933753110793
63.599999999999994	-116.36267602396993
63.65	-111.82762718991006
63.699999999999996	-104.44698002781911
63.75	-94.52549300412426
63.8	-82.42483035862625
63.849999999999994	-68.18024290682888
63.9	-52.36896529819643
63.949999999999996	-35.24047482322425
63.99999999999999	-17.171179978638122
64.05	1.406113514430956
64.1	19.960686823855838
64.15	38.24766789381573
64.19999999999999	55.54188450950625
64.24999999999999	71.30755503296535
64.3	85.17196166144873
64.35	97.13587949209779
64.4	106.55046779493256
64.44999999999999	113.25110315415833
64.49999999999999	117.01495247171232
64.55	117.7553472793191
64.6	115.17618941251641
64.65	109.67361824789128
64.69999999999999	101.14926358058625
64.74999999999999	89.96251070016336
64.8	76.38578322106576
64.85	60.595550259429444
64.9	43.39090246387235
64.94999999999999	24.798677731747887
64.99999999999999	5.4843615919604645
65.05	-13.783876982734398
65.1	-32.542340826634415
65.15	-50.44947307963179
65.19999999999999	-67.02196367756954
65.24999999999999	-81.56653111590191
65.3	-94.25420048736873
65.35	-104.37812469138595
65.4	-111.81060750530213
65.44999999999999	-116.32764876676458
65.49999999999999	-117.99478975786985
65.55	-116.52676227565445
65.60000000000001	-112.20091927217749
65.65	-105.3372854085514
65.7	-95.7211925419254
65.75	-83.6875006264093
65.8	-69.68177437923134
65.85000000000001	-53.877463873651266
65.9	-36.71124665753024
65.95	-18.705928210228308
66.0	-0.18379416476307142
66.05	18.39127297093256
66.10000000000001	36.53127213663578
66.15	53.8019531362217
66.2	69.57540511367512
66.25	83.58530626155397
66.3	95.66938725210213
66.35000000000001	105.30023363664242
66.4	112.23538662852462
66.45	116.31740020338844
66.5	117.31488005261878
66.55	115.22764298994781
66.60000000000001	110.08202729728822
66.65	101.92699622461322
66.7	91.08767919907558
66.75	77.74032911855971
66.8	62.288457921322276
66.85000000000001	45.18808641616471
66.9	26.76916417671231
66.95	7.58959457171926
67.0	-11.658522089778216
67.05	-30.649391840907924
67.10000000000001	-48.59941353701316
67.15	-65.27192906263019
67.2	-80.28837143295794
67.25	-92.9743336749001
67.3	-103.29774547984277
67.35000000000001	-111.04266179566235
67.4	-115.70408614727637
67.45	-117.55230086012347
67.5	-116.56460244368321
67.55	-112.58483071936439
67.60000000000001	-105.8027728174896
67.65	-96.3990938107483
67.7	-84.69572125468
67.75	-70.89462255257837
67.8	-55.39632779061952
67.85000000000001	-38.496899758523455
67.9	-20.57123904931376
67.95	-1.9845916253668179
68.0	16.63081053027662
68.05	34.72210567818462
68.10000000000001	52.13556526053486
68.15	68.23409847770387
68.2	82.35802341799916
68.25	94.61161233619947
68.3	104.48261750062517
68.35000000000001	111.64234790067513
68.4	115.86653373217206
68.45	117.12142924524966
68.5	115.33812336871455
68.55	110.40480522404351
68.60000000000001	102.59385882438488
68.65	91.9188662406753
68.7	78.82168249012176
68.75	63.4780759177433
68.8	46.518653127152504
68.85000000000001	28.282381333224578
68.9	9.25551226549186
68.95	-9.929369658915277
69.0	-28.796904450954457
69.05	-46.82113154302823
69.10000000000001	-63.49852092382372
69.15	-78.56869048043342
69.2	-91.53461384695333
69.25	-102.05247967378767
69.3	-109.87164311806572
69.35000000000001	-115.02373012373761
69.4	-117.10338287513696
69.45	-116.46733733326937
69.5	-112.78694661900403
69.55	-106.34512505059769
69.60000000000001	-97.34295974445143
69.65	-85.9192596667545
69.7	-72.39694042865676
69.75	-56.99495437140911
69.8	-40.24436451711705
69.85000000000001	-22.589970750634677
69.9	-4.10455375052544
69.95	14.309982813265094
70.0	32.51829925566636
70.05	50.040894883105295
70.10000000000001	66.23519013275126
70.15	80.63905668913873
70.2	93.18208755573988
70.25	103.35203603650172
70.3	110.56481780298787
70.35000000000001	115.2019159878285
70.4	116.84510998155207
70.45	115.19288224222902
70.5	110.62334631098412
70.55	103.1466578400553
70.60000000000001	92.7395682436034
70.65	80.09103354260941
70.7	65.17528010073585
70.75	48.37222063927135
70.8	30.274715440353646
70.85000000000001	11.37873975083977
70.9	-7.7951658705114255
70.95	-26.717522338195238
71.0	-44.809934307963715
71.05	-61.603187878775486
71.10000000000001	-76.79698063939287
71.15	-89.89171948412059
71.2	-100.65602651454611
71.25	-108.83279396393306
71.3	-114.27651489805197
71.35000000000001	-116.73010238553974
71.4	-116.36714626080749
71.45	-112.95684007580093
71.5	-106.76598693676141
71.55	-97.91095243835366
71.60000000000001	-86.66109241398175
71.65	-73.41345610536138
71.7	-58.3826276250316
71.75	-41.7863756070189
71.8	-24.07188071489685
71.85000000000001	-5.655991034166732
71.9	12.772030180631702
71.95	30.88726278106975
72.0	48.301201839191606
72.05	64.48903676267167
72.10000000000001	79.19562539571808
72.15	91.70543390751203
72.2	101.97785382704132
72.25	109.75489314663565
72.3	114.58858497003195
72.35000000000001	116.42874854240614
72.4	115.25565397660665
72.45	111.05086236026165
72.5	103.86596564129428
72.55	93.70770499538872
72.60000000000001	81.19052872676508
72.65	66.5270191490352
72.7	49.900331193952354
72.75	31.87635164009663
72.8	12.98237849506296
72.85000000000001	-6.159114604731201
72.9	-25.27455069976901
72.95	-43.49991471179038
73.0	-60.46714590738378
73.05	-75.76438172865727
73.10000000000001	-89.16441600230792
73.15	-100.31638163672761
73.2	-108.72287529484521
73.25	-114.36881246554896
73.3	-117.18031255612601
73.35000000000001	-117.27800213952469
73.4	-114.06753195083883
73.45	-108.07671812625148
73.5	-99.52434270718248
73.55	-88.49104708659166
73.60000000000001	-75.55150596307186
73.65	-60.63264267001915
73.7	-44.21723549680229
73.75	-26.583762228579417
73.8	-8.460444853113756
73.85000000000001	10.053267810129398
73.9	28.366368989616205
73.95	45.949289980255514
74.0	62.28373446798747
74.05	77.20399671677416
74.10000000000001	90.16514224473366
74.15	100.62885437251026
74.2	108.48199331089091
74.25	113.72105102997858
74.3	115.7562477221947
74.35000000000001	114.87601624257633
74.4	110.91857632462444
74.45	104.05438637218964
74.5	94.40506173401133
74.55	82.40377212316918
74.60000000000001	67.81640745364638
74.65	51.34415587454015
74.7	33.59727132933898
74.75	14.749849796042383
74.8	-4.421663330805529
74.85000000000001	-23.31217953205902
74.9	-41.55629085419048
74.95	-58.67661889016
75.0	-74.22858122778882
75.05	-87.69110752179768
75.10000000000001	-98.98828523265848
75.15	-107.57625368208414
75.2	-113.52903835939304
75.25	-116.6419041053183
75.3	-116.73422120931775
75.35000000000001	-113.81839334252112
75.4	-108.38014420082601
75.45	-100.23252621187845
75.5	-89.5285402964966
75.55	-76.63020410454453
75.60000000000001	-61.98280563052316
75.65	-45.62474477288771
75.7	-28.279763374343645
75.75	-10.285016247607643
75.8	8.198078497558413
75.85000000000001	26.39330086229819
75.9	44.044641057790784
75.95	60.477392690161025
76.0	75.45778054979945
76.05	88.43517514738306
76.10000000000001	99.26239626840135
76.15	107.48173037582575
76.2	112.9554095775373
76.25	115.47078892311498
76.3	115.02135395453507
76.35000000000001	111.45458771562954
76.4	104.8119214948461
76.45	95.34868366037045
76.5	83.38186545081925
76.55	69.23765721453589
76.60000000000001	53.14332189100725
76.65	35.54804201471069
76.7	16.853851532217334
76.75	-2.2792597343965895
76.8	-21.201479669372077
76.85000000000001	-39.60036215160278
76.9	-56.72525225377012
76.95	-72.34817289664971
77.0	-86.13125648125606
77.05	-97.62720303612639
77.10000000000001	-106.5740094571301
77.15	-112.713567022527
77.2	-116.19753104172338
77.25	-116.61911805453957
77.3	-114.20325425865707
77.35000000000001	-108.983090255354
77.4	-100.87915762744194
77.45	-90.4735268004693
77.5	-77.84506337036436
77.55	-63.43848976146927
77.60000000000001	-47.37726433355243
77.65	-30.14769995006418
77.7	-12.346770355271985
77.75	6.034561294357275
77.8	24.367930322658196
77.85000000000001	42.01783000986899
77.9	58.54213956139807
77.95	73.69769091805944
78.0	86.74254229827312
78.05	97.73249886616696
78.10000000000001	106.24169611148346
78.15	111.85655747953905
78.2	114.56008405882761
78.25	114.38354245020065
78.3	111.19494901239062
78.35000000000001	104.85988679451754
78.4	95.72441815307553
78.45	84.0993402128434
78.5	70.133079681335
78.55	54.327918409767165
78.60000000000001	36.88836377962781
78.65	18.2553727383941
78.7	-0.5734057457545418
78.75	-19.49002573253597
78.8	-37.85803016168671
78.85000000000001	-55.06422035410998
78.9	-70.65258374511978
78.95	-84.58865133415787
79.0	-96.18797532084847
79.05	-105.49198601288055
79.10000000000001	-111.9443641858175
79.15	-115.59218885860372
79.2	-116.35401957671121
79.25	-114.23497014636223
79.3	-109.43322334500084
79.35000000000001	-101.70803869543022
79.4	-91.60055817805011
79.45	-79.34500963775508
79.5	-64.97326306264159
79.55	-49.03467858202413
79.60000000000001	-31.854707265818718
79.65	-13.822735978846197
79.7	4.460567519758229
79.75	22.594137099169586
79.8	40.350500659435
79.85000000000001	57.04401960140416
79.9	72.30465155597864
79.95	85.64779806577559
80.0	96.73130612655592
80.05	105.3936417667698
80.10000000000001	111.4556706285519
80.15	114.5320852960952
80.2	114.61530622510196
80.25	111.61607584723293
80.3	105.57701217337689
80.35000000000001	96.69281488002395
80.4	85.28386330039251
80.45	71.684158973156
80.5	55.85732231712592
80.55	38.464200917798905
80.60000000000001	20.1578683933663
80.65	1.3411249343602663
80.7	-17.586830433070133
80.75	-35.89057100160676
80.8	-53.309079620931925
80.85000000000001	-69.1784616926721
80.9	-83.37060325471128
80.95	-95.36421636318977
81.0	-104.7942146231004
81.05	-111.5372955319628
81.10000000000001	-115.49372103613752
81.15	-116.4945402244382
81.2	-114.64956403830791
81.25	-109.93852670118207
81.3	-102.50187747229774
81.35000000000001	-92.57590518985029
81.4	-80.46520317486232
81.45	-66.46326207738707
81.5	-50.770049574329846
81.55	-33.76673870212505
81.60000000000001	-15.900273909856367
81.65	2.3505097386260445
81.7	20.552213732852408
81.75	38.2725333408801
81.8	55.128638501975445
81.85000000000001	70.44256567936378
81.9	84.06754113159997
81.95	95.45865999649578
82.0	104.36007723758763
82.05	110.61934712819999
82.10000000000001	114.05163010392965
82.15	114.47425298630861
82.2	111.8867792989891
82.25	106.13884868625934
82.3	97.59609200192182
82.35000000000001	86.39915149284644
82.4	73.12815568759703
82.45	57.60723954834333
82.5	40.476369262023525
82.55	22.310339421079505
82.60000000000001	3.5466050994780858
82.65	-15.472390534210888
82.7	-33.80461012964514
82.75	-51.33486362596949
82.8	-67.37809160059123
82.85000000000001	-81.65067453879732
82.9	-93.65895661645601
82.95	-103.4270958047361
83.0	-110.43748095934876
83.05	-114.64348718876391
83.10000000000001	-115.93276968544927
83.15	-114.36676394441872
83.2	-110.00858006391786
83.25	-102.84019068016534
83.3	-93.2820369126145
83.35000000000001	-81.51108967717033
83.4	-67.61308703411277
83.45	-52.05002846496194
83.5	-35.250279106214805
83.55	-17.62527606860914
83.60000000000001	0.47306934617535035
83.65	18.632755702792963
83.7	36.296175016727204
83.75	53.18840877588201
83.8	68.63376248114884
83.85000000000001	82.31119092475359
83.9	94.00058781356626
83.95	103.31775303404294
84.0	109.952837457322
84.05	113.68340415329163
84.10000000000001	114.37697352952551
84.15	112.10981261694184
84.2	106.72800913345446
84.25	98.46021537831899
84.3	87.58726761805059
84.35000000000001	74.3306739639458
84.4	59.21993032449865
84.45	42.341685099022754
84.5	24.294426951192975
84.55	5.560483890027228
84.60000000000001	-13.376083550001454
84.65	-31.739029154417096
84.7	-49.36982610993647
84.75	-65.60855603445617
84.8	-79.83373234542353
84.85000000000001	-92.20574648565884
84.9	-102.21240252661113
84.95	-109.54905195567306
85.0	-114.03527550634283
85.05	-115.58487703086519
85.10000000000001	-114.2848571192734
85.15	-110.3268168245288
85.2	-103.60329119522356
85.25	-94.22809244958569
85.3	-82.64593281357543
85.35000000000001	-69.16450716014441
85.4	-53.80245572661437
85.45	-37.049229885203886
85.5	-19.517838900420372
85.55	-1.4512798583718904
85.60000000000001	16.66337086732898
85.65	34.32037528249117
85.7	51.219722830846706
85.75	66.91880983767311
85.8	80.61108862779696
85.85000000000001	92.44965854625667
85.9	102.1489517966541
85.95	109.08612633453464
86.0	113.05726455365067
86.05	114.28574462617729
86.10000000000001	112.33344353306603
86.15	107.24298395248906
86.2	99.42070974182849
86.25	88.98870176099916
86.3	76.03773101786209
86.35000000000001	61.016808337996224
86.4	44.554250624031
86.45	26.50259513967677
86.5	7.928558650913885
86.55	-10.75353173838829
86.60000000000001	-29.2983726765778
86.65	-47.16523695799333
86.7	-63.370426398678035
86.75	-77.90738261383723
86.8	-90.5053761850765
86.85000000000001	-100.73786953936974
86.9	-108.27265353951776
86.95	-113.29816548680952
87.0	-115.28848991795968
87.05	-114.27722029592132
87.10000000000001	-110.63023612890805
87.15	-104.1799992994475
87.2	-95.19941921479466
87.25	-83.88400323600484
87.3	-70.46555840210823
87.35000000000001	-55.438409585005786
87.4	-38.89819749338784
87.45	-21.498409169515924
87.5	-3.5407082963208154
87.55	14.540670154790917
87.60000000000001	32.35891586296515
87.65	49.38356329630443
87.7	65.15392758449212
87.75	79.3040770103027
87.8	91.30737037642126
87.85000000000001	101.1113907186496
87.9	108.27260186968948
87.95	112.58378521413607
88.0	114.02089348705437
88.05	112.38699371919353
88.10000000000001	107.72459162851595
88.15	100.14247276389705
88.2	89.79067548405106
88.25	77.11648013284758
88.3	62.38748125331648
88.35000000000001	46.03560694788615
88.4	28.40426553309493
88.45	9.795374109988245
88.5	-9.112472823460962
88.55	-27.67433045123437
88.60000000000001	-45.446387801621256
88.65	-61.766926162781544
88.7	-76.52964056292029
88.75	-89.38176322540625
88.8	-99.79377592019654
88.85000000000001	-107.61374943987909
88.9	-112.6872478984576
88.95	-114.92546537004648
89.0	-114.23266133605085
89.05	-110.7907664013955
89.10000000000001	-104.55540909438929
89.15	-95.69476536203427
89.2	-84.55914719302365
89.25	-71.40983954189113
89.3	-56.5648806417675
89.35000000000001	-40.23818481121674
89.4	-22.99608865385204
89.45	-4.956050419815654
89.5	13.195025701367797
89.55	31.08802306663648
89.60000000000001	48.22612327902863
89.65	63.987585861280934
89.7	78.33879899326354
89.75	90.37440170988617
89.8	100.33296466232622
89.85000000000001	107.8528439001596
89.9	112.35988337930138
89.95	113.99630111539244
90.0	112.64283856580295
90.05	108.31481658450485
90.10000000000001	101.06382479462314
90.15	91.24925060704487
90.2	78.72679905936508
90.25	64.33724759096191
90.3	48.09228345666469
90.35000000000001	30.434749726669963
90.4	11.801459124967494
90.45	-6.94231395915574
90.5	-25.354945622076173
90.55	-43.31412110034222
90.60000000000001	-59.77354264493397
90.65	-74.66658172843432
90.7	-87.61765851492913
90.75	-98.24674933822433
90.8	-106.36231367495265
90.85000000000001	-111.83065300397794
90.9	-114.41509890563924
90.95	-113.95585929216844
91.0	-110.75212284980898
91.05	-104.79010788956555
91.10000000000001	-96.23476939696081
91.15	-85.46728243809554
91.2	-72.64537548551255
91.25	-57.75766332312526
91.3	-41.60654680941076
91.35000000000001	-24.43867804561097
91.4	-6.547528621848812
91.45	11.492225374506063
91.5	29.314947075216253
91.55	46.5470941891204
91.60000000000001	62.32194589417469
91.65	76.54350180617388
91.7	88.95728323913755
91.75	99.38064975340086
91.8	106.783473827622
91.85000000000001	111.58778965782182
91.9	113.63990802612437
91.95	112.49478389749112
92.0	108.44626874480178
92.05	101.52090992664176
92.10000000000001	91.76373608111402
92.15	79.54498288217002
92.2	65.27575169735138
92.25	49.42012053654963
92.3	31.816221179222282
92.35000000000001	13.36916393711141
92.4	-5.402748593705496
92.45	-23.96809391826548
92.5	-41.725169279694626
92.55	-58.298107243023935
92.60000000000001	-73.46213041878633
92.65	-86.47645652785633
92.7	-97.36135981527718
92.75	-105.72976544869704
92.8	-111.5283701161539
92.85000000000001	-114.29047944977498
92.9	-114.13095043185729
92.95	-111.50865867219096
93.0	-105.79163314194386
93.05	-97.5550701056535
93.10000000000001	-87.01575551107868
93.15	-74.32205801941365
93.2	-59.76681639864745
93.25	-43.72888399684018
93.3	-26.621934130857653
93.35000000000001	-8.77466981957042
93.4	9.261486272247737
93.45	27.17761920726599
93.5	44.46104295526396
93.55	60.50059950443193
93.60000000000001	74.89481246750353
93.65	87.39174142744974
93.7	97.87093287536806
93.75	105.54324630916796
93.8	110.68591178295861
93.85000000000001	112.92750332629254
93.9	112.32680811414099
93.95	108.65262781155303
94.0	102.15895288043458
94.05	92.6906146045954
94.10000000000001	80.66582297196243
94.15	66.58778793773973
94.2	50.60621112617099
94.25	33.25865557893479
94.3	15.200379524193238
94.35000000000001	-3.4543401698118146
94.4	-22.041272855294437
94.45	-39.71965126046615
94.5	-56.34885155668695
94.55	-71.66559312466092
94.60000000000001	-84.76656603894583
94.65	-95.67706016435096
94.7	-104.44733770023998
94.75	-110.4141365561668
94.8	-113.44313669503464
94.85000000000001	-113.72347952328636
94.9	-111.28224386007696
94.95	-105.8639093882652
95.0	-97.82400219004796
95.05	-87.5768859768279
95.10000000000001	-75.14027880912926
95.15	-60.89496368824024
95.2	-45.111542019352044
95.25	-28.315389003967596
95.3	-10.60331183264583
95.35000000000001	7.31636756835718
95.4	25.287990714263344
95.45	42.469084010441804
95.5	58.514890822544146
95.55	73.2035066457019
95.60000000000001	85.99289140522347
95.65	96.62600588855724
95.7	104.72835641818853
95.75	110.24328489859391
95.8	112.76508255347386
95.85000000000001	112.32144401813372
95.9	108.9547479343833
95.95	102.79117787915897
96.0	93.5377831192256
96.05	81.97758754844148
96.10000000000001	68.26173346111165
96.15	52.44595749451497
96.2	35.32174813900434
96.25	17.251894337031047
96.3	-1.4545322488673378
96.35000000000001	-19.836062839306067
96.4	-37.67129311597631
96.45	-54.546846011852494
96.5	-69.89008717717724
96.55	-83.31757692076513
96.60000000000001	-94.66100355405388
96.65	-103.5265671131383
96.7	-109.66905961811244
96.75	-113.00715177719479
96.8	-113.49576454580625
96.85000000000001	-111.27959961890025
96.9	-106.276613631173
96.95	-98.64820468313695
97.0	-88.60498548198262
97.05	-76.3024892002075
97.10000000000001	-62.2583065428276
97.15	-46.70301528883164
97.2	-29.840267688067456
97.25	-12.162574689102541
97.3	5.487761181061899
97.35000000000001	23.270267484656813
97.4	40.633942849497146
97.45	56.7983700801239
97.5	71.35798708126146
97.55	84.43086403170872
97.60000000000001	95.3169332537887
97.65	103.5760480193631
97.7	109.3572697442051
97.75	112.3980825491397
97.8	112.26608491851954
97.85000000000001	109.19383729051509
97.9	103.33347924000014
97.95	94.44133106147007
98.0	83.04299585546192
98.05	69.50045693084218
98.10000000000001	54.27092802980184
98.15	37.20016273476057
98.2	19.30453636676367
98.25	0.7540923569668507
98.3	-17.867997914801037
98.35000000000001	-35.67688653959135
98.4	-52.569710081498954
98.45	-68.13736446674653
98.5	-81.84031313125325
98.55	-93.2332442491001
98.60000000000001	-102.391265360013
98.65	-108.91364655605884
98.7	-112.4545727622434
98.75	-113.36806935229407
98.8	-111.44066630796874
98.85000000000001	-106.59473759972576
98.9	-99.40476767377942
98.95	-89.65661068865887
99.0	-77.58571650550363
99.05	-63.67071691904937
99.10000000000001	-48.33172520336757
99.15	-31.65713252954896
99.2	-14.056569399383363
99.25	3.8554386001891885
99.3	21.604893596170598
99.35000000000001	38.83116337340829
99.4	54.98208105347743
99.45	70.04553826053649
99.5	83.32398905032079
99.55	94.29273509252045
99.60000000000001	102.87367243159878
99.65	108.88546652622
99.7	112.00423321052193
99.75	112.260780620567
99.8	109.49177099485183
99.85000000000001	103.78248761123433
99.9	95.24941533976772
99.95	84.22610068112778
100.0	70.83459262928938
100.05	55.4803105065933
100.10000000000001	38.59336361159086
100.15	20.699046607170487
100.2	2.2460010229673912
100.25	-16.207907945722752
100.3	-34.30369891955257
100.35000000000001	-51.35890729027261
100.4	-66.95409680305545
100.45	-80.64307712322761
100.5	-92.41889921752903
100.55	-101.6787055295523
100.60000000000001	-108.38741413681265
100.65	-112.39812666909899
100.7	-113.59797613165716
100.75	-111.75188459979387
100.8	-107.36648945380995
100.85000000000001	-100.33041974864773
100.9	-90.69457544645826
100.95	-78.81749939526105
101.0	-65.39550888284668
101.05	-49.99748931728635
101.10000000000001	-33.28405689850155
101.15	-15.903329121205559
101.2	1.854857380003807
101.25	19.52214981988385
101.3	36.78083397536835
101.35000000000001	53.08034471746629
101.4	68.26428454141893
101.45	81.52052968470758
101.5	92.6337442645908
101.55	101.53549740491309
101.60000000000001	107.73942614424396
101.65	111.09750298854334
101.7	111.71590823504977
101.75	109.29411074305978
101.8	103.75974446873118
101.85000000000001	95.5294122670461
101.9	84.78010691878757
101.95	71.59643004615333
102.0	56.44171159372087
102.05	39.89141878555239
102.10000000000001	22.1343142297456
102.15	3.862952649084093
102.2	-14.57296554258653
102.25	-32.57564623280945
102.3	-49.7285719615474
102.35000000000001	-65.4779434958943
102.4	-79.48463605206678
102.45	-91.47492464741094
102.5	-100.82686754410616
102.55	-107.67562741363992
102.60000000000001	-111.86083522228529
102.65	-113.22727107710523
102.7	-111.73622431694531
102.75	-107.549715548895
102.8	-100.63069370299485
102.85000000000001	-91.36798848272048
102.9	-79.79158200974246
102.95	-66.49803678953941
103.0	-51.41385692637925
103.05	-35.06272586006202
103.10000000000001	-17.68364026656394
103.15	0.21418979993933362
103.2	17.919037909141878
103.25	35.27225928352033
103.3	51.70377473341961
103.35000000000001	66.6875986854306
103.4	80.02780765986194
103.45	91.49668239257784
103.5	100.58300655318641
103.55	107.16858519192937
103.60000000000001	110.72098356184455
103.65	111.47491575574628
103.7	109.30782561119287
103.75	104.26294815680222
103.8	96.43020177876457
103.85000000000001	86.05198561690912
103.9	73.30563625402448
103.95	58.560797414685624
104.0	42.19178022598686
104.05	24.477593929234047
104.10000000000001	6.284726181150518
104.15	-11.935008092671353
104.2	-29.893906572649428
104.25	-47.08205424645888
104.3	-62.773410576571166
104.35000000000001	-76.84327875741377
104.4	-88.76280441101062
104.45	-98.55160463257647
104.5	-105.771866020537
104.55	-110.29477925960555
104.60000000000001	-111.9032649290209
104.65	-110.74394180514076
104.7	-106.79048273356483
104.75	-100.32224507322258
104.8	-91.44764694253223
104.85000000000001	-80.27664809364984
104.9	-67.0261306651866
104.95	-52.23301420256149
105.0	-36.19549325204292
105.05	-19.21584060198211
105.10000000000001	-1.5750077884228517
105.15	16.085640101316983
105.2	33.39314284092603
105.25	49.89082944234002
105.3	65.01750627230086
105.35000000000001	78.61220754335665
105.4	90.25323017213117
105.45	99.44626456435122
105.5	106.25232759917282
105.55	110.3613732464043
105.60000000000001	111.47280824236651
105.65	109.557704937663
105.7	104.78655177758111
105.75	97.23344892578137
105.8	86.93132290197428
105.85000000000001	74.53813968582068
105.9	60.062610681118315
105.95	43.74167671361187
106.0	26.311833934094295
106.05	8.245243054902517
106.10000000000001	-10.085414831489572
106.15	-28.3837027574088
106.2	-45.522192360336135
106.25	-61.443019053745616
106.3	-75.73124475749273
106.35000000000001	-87.98501890431208
106.4	-97.79070669365473
106.45	-105.21758092730789
106.5	-109.93550745413592
106.55	-111.72218891835576
106.60000000000001	-110.93663339812059
106.65	-107.35440997071186
106.7	-101.14273647916747
106.75	-92.52082437065667
106.8	-81.61340943069769
106.85000000000001	-68.47849427094059
106.9	-53.76577047077876
106.95	-37.813122783874235
107.0	-20.832515291206903
107.05	-3.331305659466693
107.10000000000001	14.135834628666373
107.15	31.531736559634112
107.2	48.19726674293389
107.25	63.25587382263558
107.3	77.01741852433298
107.35000000000001	89.0710558600461
107.4	98.45448432519544
107.45	105.41480745536222
107.5	109.92299846107159
107.55	111.27531071121945
107.60000000000001	109.69439460937969
107.65	105.42821185797328
107.7	98.22428854483252
107.75	88.25942384980277
107.8	76.2027987173629
107.85000000000001	61.80361365564164
107.9	45.481441229334735
107.95	28.3449556171268
108.0	10.281595172319214
108.05	-8.25020003510275
108.10000000000001	-26.36559773794471
108.15	-43.600933448675335
108.2	-59.8201217749471
108.25	-74.31684118361477
108.3	-86.69294588376835
108.35000000000001	-97.072779127876
108.4	-104.62634846864711
108.45	-109.461246941225
108.5	-111.77059052831095
108.55	-111.26249164985319
108.60000000000001	-107.76340905185532
108.65	-101.75887480629268
108.7	-93.40333540513507
108.75	-82.51302682968247
108.8	-69.71152321422556
108.85000000000001	-55.36791808118079
108.9	-39.44382268072826
108.95	-22.49897145122611
109.0	-5.2982526335977695
109.05	12.347309335017883
109.10000000000001	29.81991732884586
109.15	46.252403573029426
109.2	61.594883057070376
109.25	75.46880754489536
109.3	87.34895765464188
109.35000000000001	97.13780846787023
109.4	104.41727215129362
109.45	109.05005107801634
109.5	110.7391635790894
109.55	109.56587633065766
109.60000000000001	105.36367358434205
109.65	98.35463230104102
109.7	88.69919328833413
109.75	76.60240298278251
109.8	62.35766621668989
109.85000000000001	46.450046175525415
109.9	29.402816117457917
109.95	11.367634730697603
110.0	-6.8619867269196675
110.05	-24.81536212779241
110.10000000000001	-42.254888479747876
110.15	-58.488025501197114
110.2	-73.00592123719849
110.25	-85.51664707189536
110.3	-95.87879917134387
110.35000000000001	-103.62905282603447
110.4	-108.93843644791434
110.45	-111.43581684466454
110.5	-111.03576846385033
110.55	-107.918424036195
110.60000000000001	-102.0406523387565
110.65	-93.63472142926196
110.7	-83.05655676462413
110.75	-70.52264462799582
110.8	-56.19529449372817
110.85000000000001	-40.67663013876228
110.9	-23.90494018634695
110.95	-6.541375056942343
111.0	11.072229278639668
111.05	28.441408939491623
111.10000000000001	45.113535756929934
111.15	60.63333535627436
111.2	74.53967824400326
111.25	86.44254065088188
111.3	96.3547316351042
111.35000000000001	103.88003548456908
111.4	108.51865913649664
111.45	110.46176604476904
111.5	109.54503229355947
111.55	105.66475323856054
111.60000000000001	98.85968669403707
111.65	89.39678901129508
111.7	77.5828001419822
111.75	63.62432563825274
111.8	47.84773331786329
111.85000000000001	30.6804598045058
111.9	12.813202031313892
111.95	-5.566740508530188
112.0	-23.560861581311485
112.05	-40.798539080339594
112.10000000000001	-56.895304722751064
112.15	-71.61896570906129
112.2	-84.44352981321936
112.25	-95.111464565581
112.3	-103.40540778836231
112.35000000000001	-108.77990290408309
112.4	-111.48439046299546
112.45	-111.53034303798427
112.5	-108.59780158703626
112.55	-102.97405815711579
112.60000000000001	-94.857243722271
112.65	-84.60240058650771
112.7	-72.51752089935138
112.75	-58.401297990829846
112.8	-42.70268754562932
112.85000000000001	-26.228575430944943
112.9	-9.150474661278906
112.95	8.472552084013898
113.0	25.96163168343918
113.05	42.598897202209
113.10000000000001	58.15711043018729
113.15	72.42893061774095
113.2	84.69347068199949
113.25	94.7690513065291
113.3	102.39998707421358
113.35000000000001	107.48429847948643
113.4	109.69189592378581
113.45	109.03400024461843
113.5	105.48060255438003
113.55	99.11635207724072
113.60000000000001	89.86495919504165
113.65	78.12995889422945
113.7	64.59363829209866
113.75	49.19702522839549
113.8	32.20793491489536
113.85000000000001	14.661948667626177
113.9	-3.439360209496897
113.95	-21.65204591289165
114.0	-38.94676128162786
114.05	-55.10981051099901
114.10000000000001	-70.17380050932354
114.15	-83.15364877319263
114.2	-93.81245941954973
114.25	-102.37131004695209
114.3	-108.2983027433612
114.35000000000001	-110.95856953933679
114.4	-111.40092412651592
114.45	-109.02297281820375
114.5	-103.54211455980351
114.55	-95.69084735493516
114.60000000000001	-85.79955821639356
114.65	-73.51431313212902
114.7	-59.50604854290788
114.75	-44.315325380513514
114.8	-27.746141450210928
114.85000000000001	-10.391829480212039
114.9	6.771272572419377
114.95	23.924496981239884
115.0	40.92793986827775
115.05	56.61361233767258
115.10000000000001	70.6594327978533
115.15	83.24003886326028
115.2	93.5033090515256
115.25	101.4148059350992
115.3	106.85579461678293
115.35000000000001	109.25175349633304
115.4	108.66335933472902
115.45	105.51662896529348
115.5	99.27840671137841
115.55	90.2918078954554
115.60000000000001	79.09171266722984
115.65	65.7482078340692
115.7	50.417456011718684
115.75	33.708171934287805
115.8	16.06370050038703
115.85000000000001	-1.9730107157632233
115.9	-19.872598038172384
115.95	-37.292879830594245
116.0	-53.65925192677963
116.05	-68.46594796636128
116.10000000000001	-81.492580445984
116.15	-92.52652577697398
116.2	-101.0318861589181
116.25	-106.65433468211626
116.3	-109.82716495176862
116.35000000000001	-110.42440895381901
116.4	-107.87646774281882
116.45	-102.85554823477014
116.5	-95.38880880333937
116.55	-85.59215267476588
116.60000000000001	-73.72607596367703
116.65	-60.13989409516995
116.7	-45.01762732427534
116.75	-28.611520775966653
116.8	-11.636855701300021
116.85000000000001	5.642399743800979
116.9	22.878933446036683
116.95	39.450287091474536
117.0	55.04748888973694
117.05	69.42018172450418
117.10000000000001	82.15932202751361
117.15	92.57793270717247
117.2	100.57988234906503
117.25	106.17228809884506
117.3	109.09706256186854
117.35000000000001	109.00322235566597
117.4	106.00611040347866
117.45	100.24212240206833
117.5	91.57443778909493
117.55	80.4889452412753
117.60000000000001	67.37694723344026
117.65	52.267800516228306
117.7	35.78059278881136
117.75	18.325723876114978
117.8	0.43045002662955767
117.85000000000001	-17.548141001892986
117.9	-35.075357822734475
117.95	-51.430256310870334
118.0	-66.50304226598865
118.05	-79.73628915439537
118.10000000000001	-90.91794778818843
118.15	-99.5294842068297
118.2	-105.67665057328372
118.25	-109.14439212733544
118.3	-109.88571234356368
118.35000000000001	-107.72104412631023
118.4	-103.00843162849463
118.45	-95.62245522400337
118.5	-86.02548310781242
118.55	-74.23746594040398
118.60000000000001	-60.734682170106396
118.65	-45.67855191498154
118.7	-29.52396301096468
118.75	-12.598645714434895
118.8	4.609616495148828
118.85000000000001	21.783842876023357
118.9	38.41750777331691
118.95	54.20701225558838
119.0	68.46013804675573
119.05	81.21207157446071
119.10000000000001	91.82449264332917
119.15	100.13128681037205
119.2	106.02474972043393
119.25	109.10068428809797
119.3	109.34372285729438
119.35000000000001	106.56291903807079
119.4	100.96751668915573
119.45	92.7417695562404
119.5	81.83759060529104
119.55	68.72359705494677
119.60000000000001	53.7137877673901
119.65	37.32362217000838
119.7	19.91806461181835
119.75	2.075109783853975
119.8	-15.773475300731604
119.85000000000001	-33.3415614452789
119.9	-49.83639139352016
119.95	-64.89747835544176
120.0	-78.1577858104327
120.05	-89.60994328620166
120.10000000000001	-98.53414283925645
120.15	-104.92129359640347
120.2	-108.58687135770543
120.25	-109.52578281928203
120.3	-107.76332355471396
120.35000000000001	-103.33677676561712
120.4	-96.37727271507947
120.45	-87.09135523827428
120.5	-75.7106104745389
120.55	-62.42453386143103
120.60000000000001	-47.605334699910316
120.65	-31.6120073371913
120.7	-14.823721511879114
120.75	2.4096978136309986
120.8	19.63869629521065
120.85000000000001	36.315031038431414
120.9	52.18070672248081
120.95	66.69599697832888
121.0	79.50293163987834
121.05	90.28249146380125
121.10000000000001	98.83893730296955
121.15	104.75421619811033
121.2	108.0777531459733
121.25	108.54401687860576
121.3	106.19582415354404
121.35000000000001	100.9285373919052
121.4	93.02927942002663
121.45	82.55886504541496
121.5	69.7649864457374
121.55	55.18459187532966
121.60000000000001	39.017233993013804
121.65	21.7519598820366
121.7	3.8214797630693624
121.75	-14.232939952255208
121.8	-31.74982035367543
121.85000000000001	-48.37515574345315
121.9	-63.594208123614806
121.95	-77.12352379287722
122.0	-88.697221410351
122.05	-97.76510926060195
122.10000000000001	-104.42960505958223
122.15	-108.44658901794219
122.2	-109.72335697998335
122.25	-108.2572207127971
122.3	-104.12962092135768
122.35000000000001	-97.48582694151793
122.4	-88.40780192192398
122.45	-77.16979527519777
122.5	-64.14018666834772
122.55	-49.5792131639883
122.60000000000001	-33.60250293008647
122.65	-16.79781722983796
122.7	0.36683541929215835
122.75	17.537056145032068
122.8	34.35038664583857
122.85000000000001	50.31946364987931
122.9	64.7965415306175
122.95	77.84665064438144
123.0	88.75629754251935
123.05	97.60811536987154
123.10000000000001	103.75750681060941
123.15	107.30015956907329
123.2	108.16505289851654
123.25	106.2122714213811
123.3	101.22447063579312
123.35000000000001	93.44019771314555
123.4	83.22832017156594
123.45	70.64707113384299
123.5	56.129109327878325
123.55	40.31567094001758
123.60000000000001	23.194651456267536
123.65	5.328082338247441
123.7	-12.473785835122385
123.75	-30.00024304997106
123.8	-46.76708277679546
123.85000000000001	-62.05262045352157
123.9	-75.58850672034981
123.95	-87.63450512586934
124.0	-96.99532386519172
124.05	-103.73526793813204
124.10000000000001	-107.9833087239985
124.15	-109.48025843436363
124.2	-108.26719895271793
124.25	-104.51442549983693
124.3	-98.00521376341658
124.35000000000001	-88.91415198137327
124.4	-77.74725878940251
124.45	-64.88892976566194
124.5	-50.398293159238506
124.55	-34.7297296389026
124.60000000000001	-18.208417424654385
124.65	-1.2286763562535157
124.7	15.910848684090809
124.75	32.420274042961466
124.8	48.47233429022407
124.85000000000001	63.214935440559145
124.9	76.42439043788607
124.95	87.57280769366213
125.0	96.58076747695355
125.05	103.14321801937564
125.10000000000001	107.17365486612567
125.15	108.32880800443724
125.2	106.41625632608446
125.25	101.79098375301561
125.3	94.33356399921757
125.35000000000001	84.32233778241817
125.4	72.10556671614478
125.45	57.97553663028992
125.5	42.32859313019793
125.55	25.256581499742936
125.60000000000001	7.465184705819695
125.65	-10.476746092729911
125.7	-27.998339949522915
125.75	-44.67866199767576
125.8	-60.18846295167759
125.85000000000001	-74.27784054245734
125.9	-86.23760720827147
125.95	-95.9019232017298
126.0	-102.91072593237203
126.05	-107.39931329061284
126.10000000000001	-109.33842057479688
126.15	-108.47583958087654
126.2	-104.86135815952048
126.25	-98.61278336791491
126.3	-89.94779970244849
126.35000000000001	-79.21574134297265
126.4	-66.6350196289041
126.45	-52.27539203568875
126.5	-36.6299839868052
126.55	-20.254259200027718
126.60000000000001	-3.3233406945276442
126.65	13.85110469037653
126.7	30.500269538627037
126.75	46.62090484733159
126.8	61.541561169772365
126.85000000000001	74.7092570821381
126.9	86.11264477472224
126.95	95.4363211140996
127.0	102.26301776613428
127.05	106.39014942928253
127.10000000000001	107.77057676576447
127.15	106.2462427671091
127.2	101.92959947746027
127.25	94.82872141127842
127.3	85.04592007178468
127.35000000000001	73.10648537614037
127.4	59.19275905033243
127.45	43.604584210312225
127.5	26.53251878708653
127.55	8.806049953453282
127.60000000000001	-9.141504379099786
127.65	-26.683932838642306
127.7	-43.51945471986153
127.75	-59.27969468862483
127.8	-73.31487271567374
127.85000000000001	-85.46989304445418
127.9	-95.4410221645822
127.95	-102.75474404049737
128.00000000000003	-107.54504533459647
128.05	-109.70331663547671
128.10000000000002	-108.97283683821348
128.14999999999998	-105.50008774675615
128.2	-99.61283418233069
128.25000000000003	-91.41621941516308
128.3	-80.61804729348017
128.35000000000002	-67.92009073705543
128.39999999999998	-53.736080109950706
128.45	-38.2198797697792
128.50000000000003	-21.747000659811704
128.55	-4.774634006552844
128.60000000000002	12.393680184260745
128.64999999999998	29.277020043602022
128.7	45.293290313304794
128.75000000000003	60.27636258582669
128.8	73.98637662918105
128.85000000000002	85.58415708119122
128.89999999999998	95.07974020289333
128.95	102.2724657335778
129.00000000000003	106.6186839977467
129.05	108.19170067727538
129.10000000000002	106.96564912098785
129.14999999999998	102.70365556846951
129.2	95.5149232959721
129.25000000000003	86.01846330521568
129.3	74.27318072320139
129.35000000000002	60.27355831230449
129.39999999999998	44.6380379463472
129.45	28.220138116901865
129.50000000000003	10.59524170542528
129.55	-7.394516641317921
129.60000000000002	-24.899351702162278
129.64999999999998	-41.6202254487668
129.7	-57.37888707323867
129.75000000000003	-71.46507661138895
129.8	-83.58679660507175
129.85000000000002	-93.73454263366438
129.89999999999998	-101.38785312256209
129.95	-106.09412018689073
130.00000000000003	-108.5729958280757
130.05	-108.25914786077027
130.10000000000002	-104.93474542131071
130.14999999999998	-99.39175128855618
130.2	-91.4461756962358
130.25000000000003	-81.27050540650083
130.3	-69.01076842392615
130.35000000000002	-55.07429118694847
130.39999999999998	-39.62210236949926
130.45	-23.349329850691902
130.50000000000003	-6.570570835057708
130.55	10.534286987053576
130.60000000000002	27.50519082008799
130.64999999999998	43.57333134971606
130.7	58.48625055222391
130.75000000000003	72.1265462520401
130.8	83.8893098691047
130.85000000000002	93.37135477975306
130.89999999999998	100.64527531334858
130.95	105.28786453791469
131.00000000000003	107.07437592721118
131.04999999999998	106.22546691707049
131.1	102.46707623402091
131.14999999999998	95.87421996489451
131.2	86.47152830569854
131.25	75.08852583663446
131.29999999999998	61.49055125025376
131.35	46.22316131387396
131.39999999999998	29.606930769480925
131.45	12.199260992326401
131.5	-5.584800373823498
131.54999999999998	-23.019788940032583
131.6	-39.68062624760836
131.64999999999998	-55.557826344035334
131.7	-69.7170053477929
131.75	-82.15840234654462
131.79999999999998	-92.52666546160236
131.85	-100.3931681368237
131.89999999999998	-105.67247089784718
131.95	-108.30785898995254
132.0	-108.30473613170096
132.04999999999998	-105.4445427847404
132.1	-100.08618472567127
132.14999999999998	-92.36948757774155
132.2	-82.30155767398361
132.25	-70.21364519692958
132.29999999999998	-56.53272090792649
132.35	-41.36273737650248
132.39999999999998	-25.266649392988427
132.45	-8.509674119529734
132.5	8.511113569930615
132.54999999999998	25.385442053242116
132.6	41.549224034982956
132.64999999999998	56.65827374851705
132.7	70.39134105067382
132.75	82.32839383130391
132.79999999999998	92.16217660125147
132.85	99.67719502267829
132.89999999999998	104.47158412338666
132.95	106.65309147551551
133.0	106.01414082450282
133.04999999999998	102.48475724805627
133.1	96.2199796269685
133.14999999999998	87.41958054477124
133.2	76.19053802241643
133.25	62.691456778013105
133.29999999999998	47.62735494413397
133.35	31.2202768291624
133.39999999999998	13.827991576357533
133.45	-3.8710230511777013
133.5	-21.408803366185964
133.54999999999998	-38.45681095634694
133.6	-54.36465009170564
133.64999999999998	-68.65163662913727
133.7	-81.36725028550688
133.75	-91.72591020441507
133.79999999999998	-99.73954844416818
133.85	-105.31048683770217
133.89999999999998	-108.24758062112608
133.95	-108.43953442297203
134.0	-105.85411129092984
134.04999999999998	-100.64331592762312
134.1	-93.08248597458447
134.14999999999998	-83.11825081886332
134.2	-71.47491204124344
134.25	-57.776706766446125
134.29999999999998	-42.726717066628964
134.35	-26.622447159246235
134.39999999999998	-9.865850896849395
134.45	7.167169918936793
134.5	24.057403306165554
134.54999999999998	40.38251396751042
134.6	55.61792686774726
134.64999999999998	69.39097929011501
134.7	81.44645697025095
134.75	91.48417182216673
134.79999999999998	99.2397089750803
134.85	104.44614023189678
134.89999999999998	106.80204527363725
134.95	106.32758084715994
135.0	103.2057243740565
135.04999999999998	97.24258949489428
135.1	88.57534311653075
135.14999999999998	77.53019671067847
135.2	64.41989832730138
135.25	49.480150737990414
135.29999999999998	33.21203976667476
135.35	16.168567792488545
135.39999999999998	-1.5346408116549242
135.45	-19.226399894212307
135.5	-36.17990505634765
135.54999999999998	-52.330597331409194
135.6	-66.88725511750476
135.64999999999998	-79.56406674946402
135.7	-90.30983941699714
135.75	-98.63326941850727
135.79999999999998	-104.48988712765083
135.85	-107.60519554569657
135.89999999999998	-108.01911009211369
135.95	-105.70565763060182
136.0	-100.73485890974621
136.04999999999998	-93.43957360834423
136.1	-83.85202439805443
136.14999999999998	-72.22840253538538
136.2	-58.85671016913966
136.25	-43.966920430666676
136.29999999999998	-27.934480141404435
136.35	-11.245010329678564
136.39999999999998	5.573306824341955
136.45	22.347619112985114
136.5	38.62709061423851
136.54999999999998	53.87962351898369
136.6	67.7322750989818
136.64999999999998	79.96804294196062
136.7	90.23107708271215
136.75	98.15766517534354
136.79999999999998	103.57115279830697
136.85	106.3844627582908
136.89999999999998	106.28496020993936
136.95	103.38381836264256
137.0	97.78505704137643
137.04999999999998	89.38525619894295
137.1	78.54728650156886
137.14999999999998	65.74541072769324
137.2	51.047692343839515
137.25	34.849488305621264
137.29999999999998	17.807136980700022
137.35	0.23307414523645775
137.39999999999998	-17.410163184547343
137.45	-34.45025967848272
137.5	-50.480736790095136
137.54999999999998	-65.31958900551643
137.6	-78.26282920047606
137.64999999999998	-89.31617916013334
137.7	-97.78216359911124
137.75	-103.84270553385682
137.79999999999998	-107.14021028109642
137.85	-107.90246286176296
137.89999999999998	-105.8962115153654
137.95	-101.19744924583699
138.0	-94.14913771470594
138.04999999999998	-84.90460168122166
138.1	-73.36561943216094
138.14999999999998	-60.16498979150168
138.2	-45.625624838424585
138.25	-29.701142419621817
138.29999999999998	-13.1257406792285
138.35	3.586809483316017
